{
 "cells": [
  {
   "cell_type": "code",
   "execution_count": 54,
   "metadata": {},
   "outputs": [],
   "source": [
    "import pandas as pd"
   ]
  },
  {
   "cell_type": "markdown",
   "metadata": {},
   "source": [
    "# 가격 상관분석"
   ]
  },
  {
   "cell_type": "code",
   "execution_count": 55,
   "metadata": {},
   "outputs": [
    {
     "data": {
      "text/html": [
       "<div>\n",
       "<style scoped>\n",
       "    .dataframe tbody tr th:only-of-type {\n",
       "        vertical-align: middle;\n",
       "    }\n",
       "\n",
       "    .dataframe tbody tr th {\n",
       "        vertical-align: top;\n",
       "    }\n",
       "\n",
       "    .dataframe thead th {\n",
       "        text-align: right;\n",
       "    }\n",
       "</style>\n",
       "<table border=\"1\" class=\"dataframe\">\n",
       "  <thead>\n",
       "    <tr style=\"text-align: right;\">\n",
       "      <th></th>\n",
       "      <th>생산량(톤)</th>\n",
       "      <th>재고량(톤)</th>\n",
       "      <th>소비자가격(냉동)(원/kg)</th>\n",
       "    </tr>\n",
       "  </thead>\n",
       "  <tbody>\n",
       "    <tr>\n",
       "      <th>생산량(톤)</th>\n",
       "      <td>1.000000</td>\n",
       "      <td>0.075190</td>\n",
       "      <td>-0.005653</td>\n",
       "    </tr>\n",
       "    <tr>\n",
       "      <th>재고량(톤)</th>\n",
       "      <td>0.075190</td>\n",
       "      <td>1.000000</td>\n",
       "      <td>-0.271082</td>\n",
       "    </tr>\n",
       "    <tr>\n",
       "      <th>소비자가격(냉동)(원/kg)</th>\n",
       "      <td>-0.005653</td>\n",
       "      <td>-0.271082</td>\n",
       "      <td>1.000000</td>\n",
       "    </tr>\n",
       "  </tbody>\n",
       "</table>\n",
       "</div>"
      ],
      "text/plain": [
       "                   생산량(톤)    재고량(톤)  소비자가격(냉동)(원/kg)\n",
       "생산량(톤)           1.000000  0.075190        -0.005653\n",
       "재고량(톤)           0.075190  1.000000        -0.271082\n",
       "소비자가격(냉동)(원/kg) -0.005653 -0.271082         1.000000"
      ]
     },
     "execution_count": 55,
     "metadata": {},
     "output_type": "execute_result"
    }
   ],
   "source": [
    "mackerel_output_and_price = pd.read_csv(\"./data/mackerel/고등어 생산량 및 가격.csv\", encoding='cp949')\n",
    "mackerel_output_and_price[mackerel_output_and_price.iloc[:,9:].isnull().any(axis=1)]\n",
    "\n",
    "# 보간법으로 결측치 처리\n",
    "mackerel_output_and_price['소비자가격(냉동)(원/kg)'] = mackerel_output_and_price['소비자가격(냉동)(원/kg)'].interpolate()\n",
    "mackerel_output_and_price = mackerel_output_and_price.drop(columns=mackerel_output_and_price.columns[4:9])\n",
    "mackerel_output_and_price.iloc[:,2:].corr()"
   ]
  },
  {
   "cell_type": "code",
   "execution_count": 56,
   "metadata": {},
   "outputs": [
    {
     "data": {
      "text/html": [
       "<div>\n",
       "<style scoped>\n",
       "    .dataframe tbody tr th:only-of-type {\n",
       "        vertical-align: middle;\n",
       "    }\n",
       "\n",
       "    .dataframe tbody tr th {\n",
       "        vertical-align: top;\n",
       "    }\n",
       "\n",
       "    .dataframe thead th {\n",
       "        text-align: right;\n",
       "    }\n",
       "</style>\n",
       "<table border=\"1\" class=\"dataframe\">\n",
       "  <thead>\n",
       "    <tr style=\"text-align: right;\">\n",
       "      <th></th>\n",
       "      <th>고등어(냉동) (원/kg)</th>\n",
       "      <th>수입량(톤)</th>\n",
       "    </tr>\n",
       "  </thead>\n",
       "  <tbody>\n",
       "    <tr>\n",
       "      <th>고등어(냉동) (원/kg)</th>\n",
       "      <td>1.000000</td>\n",
       "      <td>-0.089832</td>\n",
       "    </tr>\n",
       "    <tr>\n",
       "      <th>수입량(톤)</th>\n",
       "      <td>-0.089832</td>\n",
       "      <td>1.000000</td>\n",
       "    </tr>\n",
       "  </tbody>\n",
       "</table>\n",
       "</div>"
      ],
      "text/plain": [
       "                고등어(냉동) (원/kg)    수입량(톤)\n",
       "고등어(냉동) (원/kg)        1.000000 -0.089832\n",
       "수입량(톤)               -0.089832  1.000000"
      ]
     },
     "execution_count": 56,
     "metadata": {},
     "output_type": "execute_result"
    }
   ],
   "source": [
    "mackerel_import_price = pd.read_csv(\"./data/mackerel/고등어 월별 평균수입가격.csv\", encoding='cp949')\n",
    "# 데이터를 숫자형으로 변환\n",
    "mackerel_import_price = mackerel_import_price.iloc[:,2:].apply(pd.to_numeric, errors ='ignore')\n",
    "mackerel_import_price = mackerel_import_price.drop(columns=['고등어(신선,냉장) (원/kg)'])\n",
    "mackerel_import_price.corr()"
   ]
  },
  {
   "cell_type": "markdown",
   "metadata": {},
   "source": [
    "# 수온 상관분석"
   ]
  },
  {
   "cell_type": "code",
   "execution_count": 57,
   "metadata": {},
   "outputs": [
    {
     "data": {
      "text/html": [
       "<div>\n",
       "<style scoped>\n",
       "    .dataframe tbody tr th:only-of-type {\n",
       "        vertical-align: middle;\n",
       "    }\n",
       "\n",
       "    .dataframe tbody tr th {\n",
       "        vertical-align: top;\n",
       "    }\n",
       "\n",
       "    .dataframe thead th {\n",
       "        text-align: right;\n",
       "    }\n",
       "</style>\n",
       "<table border=\"1\" class=\"dataframe\">\n",
       "  <thead>\n",
       "    <tr style=\"text-align: right;\">\n",
       "      <th></th>\n",
       "      <th>평균 풍속(m/s)</th>\n",
       "      <th>평균기압(hPa)</th>\n",
       "      <th>평균 상대습도(%)</th>\n",
       "      <th>평균 기온(°C)</th>\n",
       "      <th>평균 수온(°C)</th>\n",
       "      <th>평균 최대 파고(m)</th>\n",
       "      <th>평균 유의 파고(m)</th>\n",
       "      <th>최고 유의 파고(m)</th>\n",
       "      <th>최고 최대 파고(m)</th>\n",
       "      <th>평균 파주기(sec)</th>\n",
       "      <th>최고 파주기(sec)</th>\n",
       "    </tr>\n",
       "  </thead>\n",
       "  <tbody>\n",
       "    <tr>\n",
       "      <th>평균 풍속(m/s)</th>\n",
       "      <td>1.000000</td>\n",
       "      <td>0.711025</td>\n",
       "      <td>-0.558340</td>\n",
       "      <td>-0.606831</td>\n",
       "      <td>-0.422434</td>\n",
       "      <td>0.340558</td>\n",
       "      <td>0.189446</td>\n",
       "      <td>0.220389</td>\n",
       "      <td>0.360417</td>\n",
       "      <td>0.080307</td>\n",
       "      <td>0.115870</td>\n",
       "    </tr>\n",
       "    <tr>\n",
       "      <th>평균기압(hPa)</th>\n",
       "      <td>0.711025</td>\n",
       "      <td>1.000000</td>\n",
       "      <td>-0.695306</td>\n",
       "      <td>-0.783227</td>\n",
       "      <td>-0.613100</td>\n",
       "      <td>-0.064246</td>\n",
       "      <td>-0.063418</td>\n",
       "      <td>-0.043076</td>\n",
       "      <td>-0.019350</td>\n",
       "      <td>0.058186</td>\n",
       "      <td>0.127891</td>\n",
       "    </tr>\n",
       "    <tr>\n",
       "      <th>평균 상대습도(%)</th>\n",
       "      <td>-0.558340</td>\n",
       "      <td>-0.695306</td>\n",
       "      <td>1.000000</td>\n",
       "      <td>0.677654</td>\n",
       "      <td>0.466099</td>\n",
       "      <td>0.056178</td>\n",
       "      <td>0.066846</td>\n",
       "      <td>0.041422</td>\n",
       "      <td>-0.010745</td>\n",
       "      <td>-0.101273</td>\n",
       "      <td>-0.156205</td>\n",
       "    </tr>\n",
       "    <tr>\n",
       "      <th>평균 기온(°C)</th>\n",
       "      <td>-0.606831</td>\n",
       "      <td>-0.783227</td>\n",
       "      <td>0.677654</td>\n",
       "      <td>1.000000</td>\n",
       "      <td>0.909417</td>\n",
       "      <td>0.034083</td>\n",
       "      <td>0.008270</td>\n",
       "      <td>-0.020637</td>\n",
       "      <td>-0.029451</td>\n",
       "      <td>0.038929</td>\n",
       "      <td>-0.088121</td>\n",
       "    </tr>\n",
       "    <tr>\n",
       "      <th>평균 수온(°C)</th>\n",
       "      <td>-0.422434</td>\n",
       "      <td>-0.613100</td>\n",
       "      <td>0.466099</td>\n",
       "      <td>0.909417</td>\n",
       "      <td>1.000000</td>\n",
       "      <td>0.114587</td>\n",
       "      <td>0.032647</td>\n",
       "      <td>-0.000948</td>\n",
       "      <td>0.043160</td>\n",
       "      <td>0.126457</td>\n",
       "      <td>-0.017436</td>\n",
       "    </tr>\n",
       "    <tr>\n",
       "      <th>평균 최대 파고(m)</th>\n",
       "      <td>0.340558</td>\n",
       "      <td>-0.064246</td>\n",
       "      <td>0.056178</td>\n",
       "      <td>0.034083</td>\n",
       "      <td>0.114587</td>\n",
       "      <td>1.000000</td>\n",
       "      <td>0.700651</td>\n",
       "      <td>0.734133</td>\n",
       "      <td>0.954673</td>\n",
       "      <td>-0.269540</td>\n",
       "      <td>-0.193821</td>\n",
       "    </tr>\n",
       "    <tr>\n",
       "      <th>평균 유의 파고(m)</th>\n",
       "      <td>0.189446</td>\n",
       "      <td>-0.063418</td>\n",
       "      <td>0.066846</td>\n",
       "      <td>0.008270</td>\n",
       "      <td>0.032647</td>\n",
       "      <td>0.700651</td>\n",
       "      <td>1.000000</td>\n",
       "      <td>0.975709</td>\n",
       "      <td>0.629419</td>\n",
       "      <td>-0.632166</td>\n",
       "      <td>-0.726721</td>\n",
       "    </tr>\n",
       "    <tr>\n",
       "      <th>최고 유의 파고(m)</th>\n",
       "      <td>0.220389</td>\n",
       "      <td>-0.043076</td>\n",
       "      <td>0.041422</td>\n",
       "      <td>-0.020637</td>\n",
       "      <td>-0.000948</td>\n",
       "      <td>0.734133</td>\n",
       "      <td>0.975709</td>\n",
       "      <td>1.000000</td>\n",
       "      <td>0.714541</td>\n",
       "      <td>-0.586382</td>\n",
       "      <td>-0.669376</td>\n",
       "    </tr>\n",
       "    <tr>\n",
       "      <th>최고 최대 파고(m)</th>\n",
       "      <td>0.360417</td>\n",
       "      <td>-0.019350</td>\n",
       "      <td>-0.010745</td>\n",
       "      <td>-0.029451</td>\n",
       "      <td>0.043160</td>\n",
       "      <td>0.954673</td>\n",
       "      <td>0.629419</td>\n",
       "      <td>0.714541</td>\n",
       "      <td>1.000000</td>\n",
       "      <td>-0.200744</td>\n",
       "      <td>-0.114099</td>\n",
       "    </tr>\n",
       "    <tr>\n",
       "      <th>평균 파주기(sec)</th>\n",
       "      <td>0.080307</td>\n",
       "      <td>0.058186</td>\n",
       "      <td>-0.101273</td>\n",
       "      <td>0.038929</td>\n",
       "      <td>0.126457</td>\n",
       "      <td>-0.269540</td>\n",
       "      <td>-0.632166</td>\n",
       "      <td>-0.586382</td>\n",
       "      <td>-0.200744</td>\n",
       "      <td>1.000000</td>\n",
       "      <td>0.853440</td>\n",
       "    </tr>\n",
       "    <tr>\n",
       "      <th>최고 파주기(sec)</th>\n",
       "      <td>0.115870</td>\n",
       "      <td>0.127891</td>\n",
       "      <td>-0.156205</td>\n",
       "      <td>-0.088121</td>\n",
       "      <td>-0.017436</td>\n",
       "      <td>-0.193821</td>\n",
       "      <td>-0.726721</td>\n",
       "      <td>-0.669376</td>\n",
       "      <td>-0.114099</td>\n",
       "      <td>0.853440</td>\n",
       "      <td>1.000000</td>\n",
       "    </tr>\n",
       "  </tbody>\n",
       "</table>\n",
       "</div>"
      ],
      "text/plain": [
       "             평균 풍속(m/s)  평균기압(hPa)  평균 상대습도(%)  평균 기온(°C)  평균 수온(°C)  \\\n",
       "평균 풍속(m/s)     1.000000   0.711025   -0.558340  -0.606831  -0.422434   \n",
       "평균기압(hPa)      0.711025   1.000000   -0.695306  -0.783227  -0.613100   \n",
       "평균 상대습도(%)    -0.558340  -0.695306    1.000000   0.677654   0.466099   \n",
       "평균 기온(°C)     -0.606831  -0.783227    0.677654   1.000000   0.909417   \n",
       "평균 수온(°C)     -0.422434  -0.613100    0.466099   0.909417   1.000000   \n",
       "평균 최대 파고(m)    0.340558  -0.064246    0.056178   0.034083   0.114587   \n",
       "평균 유의 파고(m)    0.189446  -0.063418    0.066846   0.008270   0.032647   \n",
       "최고 유의 파고(m)    0.220389  -0.043076    0.041422  -0.020637  -0.000948   \n",
       "최고 최대 파고(m)    0.360417  -0.019350   -0.010745  -0.029451   0.043160   \n",
       "평균 파주기(sec)    0.080307   0.058186   -0.101273   0.038929   0.126457   \n",
       "최고 파주기(sec)    0.115870   0.127891   -0.156205  -0.088121  -0.017436   \n",
       "\n",
       "             평균 최대 파고(m)  평균 유의 파고(m)  최고 유의 파고(m)  최고 최대 파고(m)  평균 파주기(sec)  \\\n",
       "평균 풍속(m/s)      0.340558     0.189446     0.220389     0.360417     0.080307   \n",
       "평균기압(hPa)      -0.064246    -0.063418    -0.043076    -0.019350     0.058186   \n",
       "평균 상대습도(%)      0.056178     0.066846     0.041422    -0.010745    -0.101273   \n",
       "평균 기온(°C)       0.034083     0.008270    -0.020637    -0.029451     0.038929   \n",
       "평균 수온(°C)       0.114587     0.032647    -0.000948     0.043160     0.126457   \n",
       "평균 최대 파고(m)     1.000000     0.700651     0.734133     0.954673    -0.269540   \n",
       "평균 유의 파고(m)     0.700651     1.000000     0.975709     0.629419    -0.632166   \n",
       "최고 유의 파고(m)     0.734133     0.975709     1.000000     0.714541    -0.586382   \n",
       "최고 최대 파고(m)     0.954673     0.629419     0.714541     1.000000    -0.200744   \n",
       "평균 파주기(sec)    -0.269540    -0.632166    -0.586382    -0.200744     1.000000   \n",
       "최고 파주기(sec)    -0.193821    -0.726721    -0.669376    -0.114099     0.853440   \n",
       "\n",
       "             최고 파주기(sec)  \n",
       "평균 풍속(m/s)      0.115870  \n",
       "평균기압(hPa)       0.127891  \n",
       "평균 상대습도(%)     -0.156205  \n",
       "평균 기온(°C)      -0.088121  \n",
       "평균 수온(°C)      -0.017436  \n",
       "평균 최대 파고(m)    -0.193821  \n",
       "평균 유의 파고(m)    -0.726721  \n",
       "최고 유의 파고(m)    -0.669376  \n",
       "최고 최대 파고(m)    -0.114099  \n",
       "평균 파주기(sec)     0.853440  \n",
       "최고 파주기(sec)     1.000000  "
      ]
     },
     "execution_count": 57,
     "metadata": {},
     "output_type": "execute_result"
    }
   ],
   "source": [
    "# 거문도\n",
    "df1=pd.read_csv('./data/temperature/month/거문도_월별.csv',index_col='일시')\n",
    "df1.drop(columns='지점').corr()"
   ]
  },
  {
   "cell_type": "code",
   "execution_count": 58,
   "metadata": {},
   "outputs": [
    {
     "data": {
      "text/html": [
       "<div>\n",
       "<style scoped>\n",
       "    .dataframe tbody tr th:only-of-type {\n",
       "        vertical-align: middle;\n",
       "    }\n",
       "\n",
       "    .dataframe tbody tr th {\n",
       "        vertical-align: top;\n",
       "    }\n",
       "\n",
       "    .dataframe thead th {\n",
       "        text-align: right;\n",
       "    }\n",
       "</style>\n",
       "<table border=\"1\" class=\"dataframe\">\n",
       "  <thead>\n",
       "    <tr style=\"text-align: right;\">\n",
       "      <th></th>\n",
       "      <th>평균 풍속(m/s)</th>\n",
       "      <th>평균기압(hPa)</th>\n",
       "      <th>평균 상대습도(%)</th>\n",
       "      <th>평균 기온(°C)</th>\n",
       "      <th>평균 수온(°C)</th>\n",
       "      <th>평균 최대 파고(m)</th>\n",
       "      <th>평균 유의 파고(m)</th>\n",
       "      <th>최고 유의 파고(m)</th>\n",
       "      <th>최고 최대 파고(m)</th>\n",
       "      <th>평균 파주기(sec)</th>\n",
       "      <th>최고 파주기(sec)</th>\n",
       "    </tr>\n",
       "  </thead>\n",
       "  <tbody>\n",
       "    <tr>\n",
       "      <th>평균 풍속(m/s)</th>\n",
       "      <td>1.000000</td>\n",
       "      <td>0.460749</td>\n",
       "      <td>-0.448086</td>\n",
       "      <td>-0.341107</td>\n",
       "      <td>-0.188440</td>\n",
       "      <td>0.730477</td>\n",
       "      <td>0.355379</td>\n",
       "      <td>0.337180</td>\n",
       "      <td>0.680752</td>\n",
       "      <td>0.064631</td>\n",
       "      <td>0.088317</td>\n",
       "    </tr>\n",
       "    <tr>\n",
       "      <th>평균기압(hPa)</th>\n",
       "      <td>0.460749</td>\n",
       "      <td>1.000000</td>\n",
       "      <td>-0.903674</td>\n",
       "      <td>-0.831105</td>\n",
       "      <td>-0.586339</td>\n",
       "      <td>0.113213</td>\n",
       "      <td>0.104105</td>\n",
       "      <td>0.100084</td>\n",
       "      <td>0.118528</td>\n",
       "      <td>-0.121021</td>\n",
       "      <td>-0.070839</td>\n",
       "    </tr>\n",
       "    <tr>\n",
       "      <th>평균 상대습도(%)</th>\n",
       "      <td>-0.448086</td>\n",
       "      <td>-0.903674</td>\n",
       "      <td>1.000000</td>\n",
       "      <td>0.801270</td>\n",
       "      <td>0.536902</td>\n",
       "      <td>-0.092172</td>\n",
       "      <td>-0.107468</td>\n",
       "      <td>-0.118241</td>\n",
       "      <td>-0.113294</td>\n",
       "      <td>0.157277</td>\n",
       "      <td>0.125456</td>\n",
       "    </tr>\n",
       "    <tr>\n",
       "      <th>평균 기온(°C)</th>\n",
       "      <td>-0.341107</td>\n",
       "      <td>-0.831105</td>\n",
       "      <td>0.801270</td>\n",
       "      <td>1.000000</td>\n",
       "      <td>0.869319</td>\n",
       "      <td>0.006280</td>\n",
       "      <td>0.031510</td>\n",
       "      <td>0.027277</td>\n",
       "      <td>-0.013455</td>\n",
       "      <td>0.090510</td>\n",
       "      <td>0.022603</td>\n",
       "    </tr>\n",
       "    <tr>\n",
       "      <th>평균 수온(°C)</th>\n",
       "      <td>-0.188440</td>\n",
       "      <td>-0.586339</td>\n",
       "      <td>0.536902</td>\n",
       "      <td>0.869319</td>\n",
       "      <td>1.000000</td>\n",
       "      <td>0.080005</td>\n",
       "      <td>0.117687</td>\n",
       "      <td>0.092972</td>\n",
       "      <td>0.034216</td>\n",
       "      <td>0.030186</td>\n",
       "      <td>-0.043179</td>\n",
       "    </tr>\n",
       "    <tr>\n",
       "      <th>평균 최대 파고(m)</th>\n",
       "      <td>0.730477</td>\n",
       "      <td>0.113213</td>\n",
       "      <td>-0.092172</td>\n",
       "      <td>0.006280</td>\n",
       "      <td>0.080005</td>\n",
       "      <td>1.000000</td>\n",
       "      <td>0.638549</td>\n",
       "      <td>0.636041</td>\n",
       "      <td>0.954293</td>\n",
       "      <td>0.030596</td>\n",
       "      <td>-0.019680</td>\n",
       "    </tr>\n",
       "    <tr>\n",
       "      <th>평균 유의 파고(m)</th>\n",
       "      <td>0.355379</td>\n",
       "      <td>0.104105</td>\n",
       "      <td>-0.107468</td>\n",
       "      <td>0.031510</td>\n",
       "      <td>0.117687</td>\n",
       "      <td>0.638549</td>\n",
       "      <td>1.000000</td>\n",
       "      <td>0.978956</td>\n",
       "      <td>0.589309</td>\n",
       "      <td>-0.393575</td>\n",
       "      <td>-0.526085</td>\n",
       "    </tr>\n",
       "    <tr>\n",
       "      <th>최고 유의 파고(m)</th>\n",
       "      <td>0.337180</td>\n",
       "      <td>0.100084</td>\n",
       "      <td>-0.118241</td>\n",
       "      <td>0.027277</td>\n",
       "      <td>0.092972</td>\n",
       "      <td>0.636041</td>\n",
       "      <td>0.978956</td>\n",
       "      <td>1.000000</td>\n",
       "      <td>0.648919</td>\n",
       "      <td>-0.386401</td>\n",
       "      <td>-0.505534</td>\n",
       "    </tr>\n",
       "    <tr>\n",
       "      <th>최고 최대 파고(m)</th>\n",
       "      <td>0.680752</td>\n",
       "      <td>0.118528</td>\n",
       "      <td>-0.113294</td>\n",
       "      <td>-0.013455</td>\n",
       "      <td>0.034216</td>\n",
       "      <td>0.954293</td>\n",
       "      <td>0.589309</td>\n",
       "      <td>0.648919</td>\n",
       "      <td>1.000000</td>\n",
       "      <td>0.030724</td>\n",
       "      <td>-0.002734</td>\n",
       "    </tr>\n",
       "    <tr>\n",
       "      <th>평균 파주기(sec)</th>\n",
       "      <td>0.064631</td>\n",
       "      <td>-0.121021</td>\n",
       "      <td>0.157277</td>\n",
       "      <td>0.090510</td>\n",
       "      <td>0.030186</td>\n",
       "      <td>0.030596</td>\n",
       "      <td>-0.393575</td>\n",
       "      <td>-0.386401</td>\n",
       "      <td>0.030724</td>\n",
       "      <td>1.000000</td>\n",
       "      <td>0.949223</td>\n",
       "    </tr>\n",
       "    <tr>\n",
       "      <th>최고 파주기(sec)</th>\n",
       "      <td>0.088317</td>\n",
       "      <td>-0.070839</td>\n",
       "      <td>0.125456</td>\n",
       "      <td>0.022603</td>\n",
       "      <td>-0.043179</td>\n",
       "      <td>-0.019680</td>\n",
       "      <td>-0.526085</td>\n",
       "      <td>-0.505534</td>\n",
       "      <td>-0.002734</td>\n",
       "      <td>0.949223</td>\n",
       "      <td>1.000000</td>\n",
       "    </tr>\n",
       "  </tbody>\n",
       "</table>\n",
       "</div>"
      ],
      "text/plain": [
       "             평균 풍속(m/s)  평균기압(hPa)  평균 상대습도(%)  평균 기온(°C)  평균 수온(°C)  \\\n",
       "평균 풍속(m/s)     1.000000   0.460749   -0.448086  -0.341107  -0.188440   \n",
       "평균기압(hPa)      0.460749   1.000000   -0.903674  -0.831105  -0.586339   \n",
       "평균 상대습도(%)    -0.448086  -0.903674    1.000000   0.801270   0.536902   \n",
       "평균 기온(°C)     -0.341107  -0.831105    0.801270   1.000000   0.869319   \n",
       "평균 수온(°C)     -0.188440  -0.586339    0.536902   0.869319   1.000000   \n",
       "평균 최대 파고(m)    0.730477   0.113213   -0.092172   0.006280   0.080005   \n",
       "평균 유의 파고(m)    0.355379   0.104105   -0.107468   0.031510   0.117687   \n",
       "최고 유의 파고(m)    0.337180   0.100084   -0.118241   0.027277   0.092972   \n",
       "최고 최대 파고(m)    0.680752   0.118528   -0.113294  -0.013455   0.034216   \n",
       "평균 파주기(sec)    0.064631  -0.121021    0.157277   0.090510   0.030186   \n",
       "최고 파주기(sec)    0.088317  -0.070839    0.125456   0.022603  -0.043179   \n",
       "\n",
       "             평균 최대 파고(m)  평균 유의 파고(m)  최고 유의 파고(m)  최고 최대 파고(m)  평균 파주기(sec)  \\\n",
       "평균 풍속(m/s)      0.730477     0.355379     0.337180     0.680752     0.064631   \n",
       "평균기압(hPa)       0.113213     0.104105     0.100084     0.118528    -0.121021   \n",
       "평균 상대습도(%)     -0.092172    -0.107468    -0.118241    -0.113294     0.157277   \n",
       "평균 기온(°C)       0.006280     0.031510     0.027277    -0.013455     0.090510   \n",
       "평균 수온(°C)       0.080005     0.117687     0.092972     0.034216     0.030186   \n",
       "평균 최대 파고(m)     1.000000     0.638549     0.636041     0.954293     0.030596   \n",
       "평균 유의 파고(m)     0.638549     1.000000     0.978956     0.589309    -0.393575   \n",
       "최고 유의 파고(m)     0.636041     0.978956     1.000000     0.648919    -0.386401   \n",
       "최고 최대 파고(m)     0.954293     0.589309     0.648919     1.000000     0.030724   \n",
       "평균 파주기(sec)     0.030596    -0.393575    -0.386401     0.030724     1.000000   \n",
       "최고 파주기(sec)    -0.019680    -0.526085    -0.505534    -0.002734     0.949223   \n",
       "\n",
       "             최고 파주기(sec)  \n",
       "평균 풍속(m/s)      0.088317  \n",
       "평균기압(hPa)      -0.070839  \n",
       "평균 상대습도(%)      0.125456  \n",
       "평균 기온(°C)       0.022603  \n",
       "평균 수온(°C)      -0.043179  \n",
       "평균 최대 파고(m)    -0.019680  \n",
       "평균 유의 파고(m)    -0.526085  \n",
       "최고 유의 파고(m)    -0.505534  \n",
       "최고 최대 파고(m)    -0.002734  \n",
       "평균 파주기(sec)     0.949223  \n",
       "최고 파주기(sec)     1.000000  "
      ]
     },
     "execution_count": 58,
     "metadata": {},
     "output_type": "execute_result"
    }
   ],
   "source": [
    "# 거제도\n",
    "df1=pd.read_csv('./data/temperature/month/거제도_월별.csv',index_col='일시')\n",
    "df1.drop(columns='지점').corr()"
   ]
  },
  {
   "cell_type": "code",
   "execution_count": 59,
   "metadata": {},
   "outputs": [
    {
     "data": {
      "text/html": [
       "<div>\n",
       "<style scoped>\n",
       "    .dataframe tbody tr th:only-of-type {\n",
       "        vertical-align: middle;\n",
       "    }\n",
       "\n",
       "    .dataframe tbody tr th {\n",
       "        vertical-align: top;\n",
       "    }\n",
       "\n",
       "    .dataframe thead th {\n",
       "        text-align: right;\n",
       "    }\n",
       "</style>\n",
       "<table border=\"1\" class=\"dataframe\">\n",
       "  <thead>\n",
       "    <tr style=\"text-align: right;\">\n",
       "      <th></th>\n",
       "      <th>평균 풍속(m/s)</th>\n",
       "      <th>평균기압(hPa)</th>\n",
       "      <th>평균 상대습도(%)</th>\n",
       "      <th>평균 기온(°C)</th>\n",
       "      <th>평균 수온(°C)</th>\n",
       "      <th>평균 최대 파고(m)</th>\n",
       "      <th>평균 유의 파고(m)</th>\n",
       "      <th>최고 유의 파고(m)</th>\n",
       "      <th>최고 최대 파고(m)</th>\n",
       "      <th>평균 파주기(sec)</th>\n",
       "      <th>최고 파주기(sec)</th>\n",
       "    </tr>\n",
       "  </thead>\n",
       "  <tbody>\n",
       "    <tr>\n",
       "      <th>평균 풍속(m/s)</th>\n",
       "      <td>1.000000</td>\n",
       "      <td>0.859587</td>\n",
       "      <td>-0.794749</td>\n",
       "      <td>-0.767319</td>\n",
       "      <td>-0.658459</td>\n",
       "      <td>0.856453</td>\n",
       "      <td>0.860826</td>\n",
       "      <td>0.894204</td>\n",
       "      <td>0.790978</td>\n",
       "      <td>-0.052846</td>\n",
       "      <td>-0.012618</td>\n",
       "    </tr>\n",
       "    <tr>\n",
       "      <th>평균기압(hPa)</th>\n",
       "      <td>0.859587</td>\n",
       "      <td>1.000000</td>\n",
       "      <td>-0.888791</td>\n",
       "      <td>-0.892999</td>\n",
       "      <td>-0.792991</td>\n",
       "      <td>0.785051</td>\n",
       "      <td>0.847756</td>\n",
       "      <td>0.890034</td>\n",
       "      <td>0.747366</td>\n",
       "      <td>-0.052048</td>\n",
       "      <td>-0.027577</td>\n",
       "    </tr>\n",
       "    <tr>\n",
       "      <th>평균 상대습도(%)</th>\n",
       "      <td>-0.794749</td>\n",
       "      <td>-0.888791</td>\n",
       "      <td>1.000000</td>\n",
       "      <td>0.774605</td>\n",
       "      <td>0.663610</td>\n",
       "      <td>-0.783351</td>\n",
       "      <td>-0.743378</td>\n",
       "      <td>-0.815028</td>\n",
       "      <td>-0.719091</td>\n",
       "      <td>-0.078998</td>\n",
       "      <td>-0.127190</td>\n",
       "    </tr>\n",
       "    <tr>\n",
       "      <th>평균 기온(°C)</th>\n",
       "      <td>-0.767319</td>\n",
       "      <td>-0.892999</td>\n",
       "      <td>0.774605</td>\n",
       "      <td>1.000000</td>\n",
       "      <td>0.972685</td>\n",
       "      <td>-0.716993</td>\n",
       "      <td>-0.749145</td>\n",
       "      <td>-0.793323</td>\n",
       "      <td>-0.645654</td>\n",
       "      <td>-0.020953</td>\n",
       "      <td>-0.040283</td>\n",
       "    </tr>\n",
       "    <tr>\n",
       "      <th>평균 수온(°C)</th>\n",
       "      <td>-0.658459</td>\n",
       "      <td>-0.792991</td>\n",
       "      <td>0.663610</td>\n",
       "      <td>0.972685</td>\n",
       "      <td>1.000000</td>\n",
       "      <td>-0.590045</td>\n",
       "      <td>-0.633237</td>\n",
       "      <td>-0.672309</td>\n",
       "      <td>-0.518094</td>\n",
       "      <td>-0.044951</td>\n",
       "      <td>-0.043494</td>\n",
       "    </tr>\n",
       "    <tr>\n",
       "      <th>평균 최대 파고(m)</th>\n",
       "      <td>0.856453</td>\n",
       "      <td>0.785051</td>\n",
       "      <td>-0.783351</td>\n",
       "      <td>-0.716993</td>\n",
       "      <td>-0.590045</td>\n",
       "      <td>1.000000</td>\n",
       "      <td>0.780304</td>\n",
       "      <td>0.863176</td>\n",
       "      <td>0.875332</td>\n",
       "      <td>0.042204</td>\n",
       "      <td>0.113118</td>\n",
       "    </tr>\n",
       "    <tr>\n",
       "      <th>평균 유의 파고(m)</th>\n",
       "      <td>0.860826</td>\n",
       "      <td>0.847756</td>\n",
       "      <td>-0.743378</td>\n",
       "      <td>-0.749145</td>\n",
       "      <td>-0.633237</td>\n",
       "      <td>0.780304</td>\n",
       "      <td>1.000000</td>\n",
       "      <td>0.958970</td>\n",
       "      <td>0.760869</td>\n",
       "      <td>-0.288174</td>\n",
       "      <td>-0.270652</td>\n",
       "    </tr>\n",
       "    <tr>\n",
       "      <th>최고 유의 파고(m)</th>\n",
       "      <td>0.894204</td>\n",
       "      <td>0.890034</td>\n",
       "      <td>-0.815028</td>\n",
       "      <td>-0.793323</td>\n",
       "      <td>-0.672309</td>\n",
       "      <td>0.863176</td>\n",
       "      <td>0.958970</td>\n",
       "      <td>1.000000</td>\n",
       "      <td>0.839988</td>\n",
       "      <td>-0.146393</td>\n",
       "      <td>-0.123406</td>\n",
       "    </tr>\n",
       "    <tr>\n",
       "      <th>최고 최대 파고(m)</th>\n",
       "      <td>0.790978</td>\n",
       "      <td>0.747366</td>\n",
       "      <td>-0.719091</td>\n",
       "      <td>-0.645654</td>\n",
       "      <td>-0.518094</td>\n",
       "      <td>0.875332</td>\n",
       "      <td>0.760869</td>\n",
       "      <td>0.839988</td>\n",
       "      <td>1.000000</td>\n",
       "      <td>-0.103852</td>\n",
       "      <td>-0.039039</td>\n",
       "    </tr>\n",
       "    <tr>\n",
       "      <th>평균 파주기(sec)</th>\n",
       "      <td>-0.052846</td>\n",
       "      <td>-0.052048</td>\n",
       "      <td>-0.078998</td>\n",
       "      <td>-0.020953</td>\n",
       "      <td>-0.044951</td>\n",
       "      <td>0.042204</td>\n",
       "      <td>-0.288174</td>\n",
       "      <td>-0.146393</td>\n",
       "      <td>-0.103852</td>\n",
       "      <td>1.000000</td>\n",
       "      <td>0.959722</td>\n",
       "    </tr>\n",
       "    <tr>\n",
       "      <th>최고 파주기(sec)</th>\n",
       "      <td>-0.012618</td>\n",
       "      <td>-0.027577</td>\n",
       "      <td>-0.127190</td>\n",
       "      <td>-0.040283</td>\n",
       "      <td>-0.043494</td>\n",
       "      <td>0.113118</td>\n",
       "      <td>-0.270652</td>\n",
       "      <td>-0.123406</td>\n",
       "      <td>-0.039039</td>\n",
       "      <td>0.959722</td>\n",
       "      <td>1.000000</td>\n",
       "    </tr>\n",
       "  </tbody>\n",
       "</table>\n",
       "</div>"
      ],
      "text/plain": [
       "             평균 풍속(m/s)  평균기압(hPa)  평균 상대습도(%)  평균 기온(°C)  평균 수온(°C)  \\\n",
       "평균 풍속(m/s)     1.000000   0.859587   -0.794749  -0.767319  -0.658459   \n",
       "평균기압(hPa)      0.859587   1.000000   -0.888791  -0.892999  -0.792991   \n",
       "평균 상대습도(%)    -0.794749  -0.888791    1.000000   0.774605   0.663610   \n",
       "평균 기온(°C)     -0.767319  -0.892999    0.774605   1.000000   0.972685   \n",
       "평균 수온(°C)     -0.658459  -0.792991    0.663610   0.972685   1.000000   \n",
       "평균 최대 파고(m)    0.856453   0.785051   -0.783351  -0.716993  -0.590045   \n",
       "평균 유의 파고(m)    0.860826   0.847756   -0.743378  -0.749145  -0.633237   \n",
       "최고 유의 파고(m)    0.894204   0.890034   -0.815028  -0.793323  -0.672309   \n",
       "최고 최대 파고(m)    0.790978   0.747366   -0.719091  -0.645654  -0.518094   \n",
       "평균 파주기(sec)   -0.052846  -0.052048   -0.078998  -0.020953  -0.044951   \n",
       "최고 파주기(sec)   -0.012618  -0.027577   -0.127190  -0.040283  -0.043494   \n",
       "\n",
       "             평균 최대 파고(m)  평균 유의 파고(m)  최고 유의 파고(m)  최고 최대 파고(m)  평균 파주기(sec)  \\\n",
       "평균 풍속(m/s)      0.856453     0.860826     0.894204     0.790978    -0.052846   \n",
       "평균기압(hPa)       0.785051     0.847756     0.890034     0.747366    -0.052048   \n",
       "평균 상대습도(%)     -0.783351    -0.743378    -0.815028    -0.719091    -0.078998   \n",
       "평균 기온(°C)      -0.716993    -0.749145    -0.793323    -0.645654    -0.020953   \n",
       "평균 수온(°C)      -0.590045    -0.633237    -0.672309    -0.518094    -0.044951   \n",
       "평균 최대 파고(m)     1.000000     0.780304     0.863176     0.875332     0.042204   \n",
       "평균 유의 파고(m)     0.780304     1.000000     0.958970     0.760869    -0.288174   \n",
       "최고 유의 파고(m)     0.863176     0.958970     1.000000     0.839988    -0.146393   \n",
       "최고 최대 파고(m)     0.875332     0.760869     0.839988     1.000000    -0.103852   \n",
       "평균 파주기(sec)     0.042204    -0.288174    -0.146393    -0.103852     1.000000   \n",
       "최고 파주기(sec)     0.113118    -0.270652    -0.123406    -0.039039     0.959722   \n",
       "\n",
       "             최고 파주기(sec)  \n",
       "평균 풍속(m/s)     -0.012618  \n",
       "평균기압(hPa)      -0.027577  \n",
       "평균 상대습도(%)     -0.127190  \n",
       "평균 기온(°C)      -0.040283  \n",
       "평균 수온(°C)      -0.043494  \n",
       "평균 최대 파고(m)     0.113118  \n",
       "평균 유의 파고(m)    -0.270652  \n",
       "최고 유의 파고(m)    -0.123406  \n",
       "최고 최대 파고(m)    -0.039039  \n",
       "평균 파주기(sec)     0.959722  \n",
       "최고 파주기(sec)     1.000000  "
      ]
     },
     "execution_count": 59,
     "metadata": {},
     "output_type": "execute_result"
    }
   ],
   "source": [
    "# 신안\n",
    "df1=pd.read_csv('./data/temperature/month/신안_월별.csv',index_col='일시')\n",
    "df1.drop(columns='지점').corr()"
   ]
  },
  {
   "cell_type": "code",
   "execution_count": 60,
   "metadata": {},
   "outputs": [
    {
     "data": {
      "text/html": [
       "<div>\n",
       "<style scoped>\n",
       "    .dataframe tbody tr th:only-of-type {\n",
       "        vertical-align: middle;\n",
       "    }\n",
       "\n",
       "    .dataframe tbody tr th {\n",
       "        vertical-align: top;\n",
       "    }\n",
       "\n",
       "    .dataframe thead th {\n",
       "        text-align: right;\n",
       "    }\n",
       "</style>\n",
       "<table border=\"1\" class=\"dataframe\">\n",
       "  <thead>\n",
       "    <tr style=\"text-align: right;\">\n",
       "      <th></th>\n",
       "      <th>평균 풍속(m/s)</th>\n",
       "      <th>평균기압(hPa)</th>\n",
       "      <th>평균 상대습도(%)</th>\n",
       "      <th>평균 기온(°C)</th>\n",
       "      <th>평균 수온(°C)</th>\n",
       "      <th>평균 최대 파고(m)</th>\n",
       "      <th>평균 유의 파고(m)</th>\n",
       "      <th>최고 유의 파고(m)</th>\n",
       "      <th>최고 최대 파고(m)</th>\n",
       "      <th>평균 파주기(sec)</th>\n",
       "      <th>최고 파주기(sec)</th>\n",
       "    </tr>\n",
       "  </thead>\n",
       "  <tbody>\n",
       "    <tr>\n",
       "      <th>평균 풍속(m/s)</th>\n",
       "      <td>1.000000</td>\n",
       "      <td>0.473623</td>\n",
       "      <td>-0.397007</td>\n",
       "      <td>-0.467204</td>\n",
       "      <td>-0.382213</td>\n",
       "      <td>0.771229</td>\n",
       "      <td>0.775048</td>\n",
       "      <td>0.769734</td>\n",
       "      <td>0.753249</td>\n",
       "      <td>0.323226</td>\n",
       "      <td>0.181890</td>\n",
       "    </tr>\n",
       "    <tr>\n",
       "      <th>평균기압(hPa)</th>\n",
       "      <td>0.473623</td>\n",
       "      <td>1.000000</td>\n",
       "      <td>-0.911193</td>\n",
       "      <td>-0.838055</td>\n",
       "      <td>-0.645527</td>\n",
       "      <td>0.649567</td>\n",
       "      <td>0.634824</td>\n",
       "      <td>0.617916</td>\n",
       "      <td>0.636514</td>\n",
       "      <td>0.521557</td>\n",
       "      <td>0.367717</td>\n",
       "    </tr>\n",
       "    <tr>\n",
       "      <th>평균 상대습도(%)</th>\n",
       "      <td>-0.397007</td>\n",
       "      <td>-0.911193</td>\n",
       "      <td>1.000000</td>\n",
       "      <td>0.813864</td>\n",
       "      <td>0.619075</td>\n",
       "      <td>-0.570774</td>\n",
       "      <td>-0.548719</td>\n",
       "      <td>-0.529975</td>\n",
       "      <td>-0.547749</td>\n",
       "      <td>-0.523700</td>\n",
       "      <td>-0.325874</td>\n",
       "    </tr>\n",
       "    <tr>\n",
       "      <th>평균 기온(°C)</th>\n",
       "      <td>-0.467204</td>\n",
       "      <td>-0.838055</td>\n",
       "      <td>0.813864</td>\n",
       "      <td>1.000000</td>\n",
       "      <td>0.899463</td>\n",
       "      <td>-0.561647</td>\n",
       "      <td>-0.546688</td>\n",
       "      <td>-0.525748</td>\n",
       "      <td>-0.543118</td>\n",
       "      <td>-0.382429</td>\n",
       "      <td>-0.218121</td>\n",
       "    </tr>\n",
       "    <tr>\n",
       "      <th>평균 수온(°C)</th>\n",
       "      <td>-0.382213</td>\n",
       "      <td>-0.645527</td>\n",
       "      <td>0.619075</td>\n",
       "      <td>0.899463</td>\n",
       "      <td>1.000000</td>\n",
       "      <td>-0.382455</td>\n",
       "      <td>-0.368080</td>\n",
       "      <td>-0.380185</td>\n",
       "      <td>-0.391324</td>\n",
       "      <td>-0.252612</td>\n",
       "      <td>-0.148910</td>\n",
       "    </tr>\n",
       "    <tr>\n",
       "      <th>평균 최대 파고(m)</th>\n",
       "      <td>0.771229</td>\n",
       "      <td>0.649567</td>\n",
       "      <td>-0.570774</td>\n",
       "      <td>-0.561647</td>\n",
       "      <td>-0.382455</td>\n",
       "      <td>1.000000</td>\n",
       "      <td>0.993195</td>\n",
       "      <td>0.978689</td>\n",
       "      <td>0.977598</td>\n",
       "      <td>0.666887</td>\n",
       "      <td>0.480095</td>\n",
       "    </tr>\n",
       "    <tr>\n",
       "      <th>평균 유의 파고(m)</th>\n",
       "      <td>0.775048</td>\n",
       "      <td>0.634824</td>\n",
       "      <td>-0.548719</td>\n",
       "      <td>-0.546688</td>\n",
       "      <td>-0.368080</td>\n",
       "      <td>0.993195</td>\n",
       "      <td>1.000000</td>\n",
       "      <td>0.981629</td>\n",
       "      <td>0.962291</td>\n",
       "      <td>0.648109</td>\n",
       "      <td>0.439560</td>\n",
       "    </tr>\n",
       "    <tr>\n",
       "      <th>최고 유의 파고(m)</th>\n",
       "      <td>0.769734</td>\n",
       "      <td>0.617916</td>\n",
       "      <td>-0.529975</td>\n",
       "      <td>-0.525748</td>\n",
       "      <td>-0.380185</td>\n",
       "      <td>0.978689</td>\n",
       "      <td>0.981629</td>\n",
       "      <td>1.000000</td>\n",
       "      <td>0.980739</td>\n",
       "      <td>0.617924</td>\n",
       "      <td>0.429695</td>\n",
       "    </tr>\n",
       "    <tr>\n",
       "      <th>최고 최대 파고(m)</th>\n",
       "      <td>0.753249</td>\n",
       "      <td>0.636514</td>\n",
       "      <td>-0.547749</td>\n",
       "      <td>-0.543118</td>\n",
       "      <td>-0.391324</td>\n",
       "      <td>0.977598</td>\n",
       "      <td>0.962291</td>\n",
       "      <td>0.980739</td>\n",
       "      <td>1.000000</td>\n",
       "      <td>0.609783</td>\n",
       "      <td>0.485710</td>\n",
       "    </tr>\n",
       "    <tr>\n",
       "      <th>평균 파주기(sec)</th>\n",
       "      <td>0.323226</td>\n",
       "      <td>0.521557</td>\n",
       "      <td>-0.523700</td>\n",
       "      <td>-0.382429</td>\n",
       "      <td>-0.252612</td>\n",
       "      <td>0.666887</td>\n",
       "      <td>0.648109</td>\n",
       "      <td>0.617924</td>\n",
       "      <td>0.609783</td>\n",
       "      <td>1.000000</td>\n",
       "      <td>0.817875</td>\n",
       "    </tr>\n",
       "    <tr>\n",
       "      <th>최고 파주기(sec)</th>\n",
       "      <td>0.181890</td>\n",
       "      <td>0.367717</td>\n",
       "      <td>-0.325874</td>\n",
       "      <td>-0.218121</td>\n",
       "      <td>-0.148910</td>\n",
       "      <td>0.480095</td>\n",
       "      <td>0.439560</td>\n",
       "      <td>0.429695</td>\n",
       "      <td>0.485710</td>\n",
       "      <td>0.817875</td>\n",
       "      <td>1.000000</td>\n",
       "    </tr>\n",
       "  </tbody>\n",
       "</table>\n",
       "</div>"
      ],
      "text/plain": [
       "             평균 풍속(m/s)  평균기압(hPa)  평균 상대습도(%)  평균 기온(°C)  평균 수온(°C)  \\\n",
       "평균 풍속(m/s)     1.000000   0.473623   -0.397007  -0.467204  -0.382213   \n",
       "평균기압(hPa)      0.473623   1.000000   -0.911193  -0.838055  -0.645527   \n",
       "평균 상대습도(%)    -0.397007  -0.911193    1.000000   0.813864   0.619075   \n",
       "평균 기온(°C)     -0.467204  -0.838055    0.813864   1.000000   0.899463   \n",
