{
 "cells": [
  {
   "cell_type": "code",
   "execution_count": 2,
   "metadata": {},
   "outputs": [],
   "source": [
    "import pandas as pd\n"
   ]
  },
  {
   "cell_type": "markdown",
   "metadata": {},
   "source": [
    "# 가격 상관분석"
   ]
  },
  {
   "cell_type": "code",
   "execution_count": 3,
   "metadata": {},
   "outputs": [
    {
     "data": {
      "text/html": [
       "<div>\n",
       "<style scoped>\n",
       "    .dataframe tbody tr th:only-of-type {\n",
       "        vertical-align: middle;\n",
       "    }\n",
       "\n",
       "    .dataframe tbody tr th {\n",
       "        vertical-align: top;\n",
       "    }\n",
       "\n",
       "    .dataframe thead th {\n",
       "        text-align: right;\n",
       "    }\n",
       "</style>\n",
       "<table border=\"1\" class=\"dataframe\">\n",
       "  <thead>\n",
       "    <tr style=\"text-align: right;\">\n",
       "      <th></th>\n",
       "      <th>년도</th>\n",
       "      <th>월</th>\n",
       "      <th>생산량(톤)</th>\n",
       "      <th>재고량(톤)</th>\n",
       "      <th>소비자가격(냉동)(원/kg)</th>\n",
       "    </tr>\n",
       "  </thead>\n",
       "  <tbody>\n",
       "    <tr>\n",
       "      <th>0</th>\n",
       "      <td>2013년</td>\n",
       "      <td>12월</td>\n",
       "      <td>22510</td>\n",
       "      <td>74415</td>\n",
       "      <td>6137.0</td>\n",
       "    </tr>\n",
       "    <tr>\n",
       "      <th>1</th>\n",
       "      <td>2014년</td>\n",
       "      <td>01월</td>\n",
       "      <td>6480</td>\n",
       "      <td>76582</td>\n",
       "      <td>6211.0</td>\n",
       "    </tr>\n",
       "    <tr>\n",
       "      <th>2</th>\n",
       "      <td>2014년</td>\n",
       "      <td>02월</td>\n",
       "      <td>3783</td>\n",
       "      <td>71248</td>\n",
       "      <td>6286.0</td>\n",
       "    </tr>\n",
       "    <tr>\n",
       "      <th>3</th>\n",
       "      <td>2014년</td>\n",
       "      <td>03월</td>\n",
       "      <td>3057</td>\n",
       "      <td>63630</td>\n",
       "      <td>6251.0</td>\n",
       "    </tr>\n",
       "    <tr>\n",
       "      <th>4</th>\n",
       "      <td>2014년</td>\n",
       "      <td>04월</td>\n",
       "      <td>1649</td>\n",
       "      <td>56994</td>\n",
       "      <td>6346.0</td>\n",
       "    </tr>\n",
       "    <tr>\n",
       "      <th>...</th>\n",
       "      <td>...</td>\n",
       "      <td>...</td>\n",
       "      <td>...</td>\n",
       "      <td>...</td>\n",
       "      <td>...</td>\n",
       "    </tr>\n",
       "    <tr>\n",
       "      <th>118</th>\n",
       "      <td>2023년</td>\n",
       "      <td>10월</td>\n",
       "      <td>12589</td>\n",
       "      <td>39553</td>\n",
       "      <td>12157.0</td>\n",
       "    </tr>\n",
       "    <tr>\n",
       "      <th>119</th>\n",
       "      <td>2023년</td>\n",
       "      <td>11월</td>\n",
       "      <td>15435</td>\n",
       "      <td>36745</td>\n",
       "      <td>12503.0</td>\n",
       "    </tr>\n",
       "    <tr>\n",
       "      <th>120</th>\n",
       "      <td>2023년</td>\n",
       "      <td>12월</td>\n",
       "      <td>8517</td>\n",
       "      <td>40676</td>\n",
       "      <td>12283.0</td>\n",
       "    </tr>\n",
       "    <tr>\n",
       "      <th>121</th>\n",
       "      <td>2024년</td>\n",
       "      <td>01월</td>\n",
       "      <td>8486</td>\n",
       "      <td>40026</td>\n",
       "      <td>12680.0</td>\n",
       "    </tr>\n",
       "    <tr>\n",
       "      <th>122</th>\n",
       "      <td>2024년</td>\n",
       "      <td>02월</td>\n",
       "      <td>7552</td>\n",
       "      <td>45949</td>\n",
       "      <td>12689.0</td>\n",
       "    </tr>\n",
       "  </tbody>\n",
       "</table>\n",
       "<p>123 rows × 5 columns</p>\n",
       "</div>"
      ],
      "text/plain": [
       "        년도    월  생산량(톤)  재고량(톤)  소비자가격(냉동)(원/kg)\n",
       "0    2013년  12월   22510   74415           6137.0\n",
       "1    2014년  01월    6480   76582           6211.0\n",
       "2    2014년  02월    3783   71248           6286.0\n",
       "3    2014년  03월    3057   63630           6251.0\n",
       "4    2014년  04월    1649   56994           6346.0\n",
       "..     ...  ...     ...     ...              ...\n",
       "118  2023년  10월   12589   39553          12157.0\n",
       "119  2023년  11월   15435   36745          12503.0\n",
       "120  2023년  12월    8517   40676          12283.0\n",
       "121  2024년  01월    8486   40026          12680.0\n",
       "122  2024년  02월    7552   45949          12689.0\n",
       "\n",
       "[123 rows x 5 columns]"
      ]
     },
     "execution_count": 3,
     "metadata": {},
     "output_type": "execute_result"
    }
   ],
   "source": [
    "mackerel_output_and_price = pd.read_csv(\"./data/mackerel/고등어 생산량 및 가격.csv\", encoding='cp949')\n",
    "mackerel_output_and_price[mackerel_output_and_price.iloc[:,9:].isnull().any(axis=1)]\n",
    "\n",
    "# 보간법으로 결측치 처리\n",
    "mackerel_output_and_price['소비자가격(냉동)(원/kg)'] = mackerel_output_and_price['소비자가격(냉동)(원/kg)'].interpolate()\n",
    "mackerel_output_and_price = mackerel_output_and_price.drop(columns=mackerel_output_and_price.columns[4:9])\n",
    "mackerel_output_and_price"
   ]
  },
  {
   "cell_type": "code",
   "execution_count": 4,
   "metadata": {},
   "outputs": [
    {
     "data": {
      "text/html": [
       "<div>\n",
       "<style scoped>\n",
       "    .dataframe tbody tr th:only-of-type {\n",
       "        vertical-align: middle;\n",
       "    }\n",
       "\n",
       "    .dataframe tbody tr th {\n",
       "        vertical-align: top;\n",
       "    }\n",
       "\n",
       "    .dataframe thead th {\n",
       "        text-align: right;\n",
       "    }\n",
       "</style>\n",
       "<table border=\"1\" class=\"dataframe\">\n",
       "  <thead>\n",
       "    <tr style=\"text-align: right;\">\n",
       "      <th></th>\n",
       "      <th>년도</th>\n",
       "      <th>월</th>\n",
       "      <th>고등어(냉동) (원/kg)</th>\n",
       "      <th>수입량(톤)</th>\n",
       "    </tr>\n",
       "  </thead>\n",
       "  <tbody>\n",
       "    <tr>\n",
       "      <th>0</th>\n",
       "      <td>2013년</td>\n",
       "      <td>12월</td>\n",
       "      <td>2883</td>\n",
       "      <td>5386</td>\n",
       "    </tr>\n",
       "    <tr>\n",
       "      <th>1</th>\n",
       "      <td>2014년</td>\n",
       "      <td>01월</td>\n",
       "      <td>2955</td>\n",
       "      <td>3476</td>\n",
       "    </tr>\n",
       "    <tr>\n",
       "      <th>2</th>\n",
       "      <td>2014년</td>\n",
       "      <td>02월</td>\n",
       "      <td>2974</td>\n",
       "      <td>1101</td>\n",
       "    </tr>\n",
       "    <tr>\n",
       "      <th>3</th>\n",
       "      <td>2014년</td>\n",
       "      <td>03월</td>\n",
       "      <td>2562</td>\n",
       "      <td>2011</td>\n",
       "    </tr>\n",
       "    <tr>\n",
       "      <th>4</th>\n",
       "      <td>2014년</td>\n",
       "      <td>04월</td>\n",
       "      <td>2688</td>\n",
       "      <td>2454</td>\n",
       "    </tr>\n",
       "    <tr>\n",
       "      <th>...</th>\n",
       "      <td>...</td>\n",
       "      <td>...</td>\n",
       "      <td>...</td>\n",
       "      <td>...</td>\n",
       "    </tr>\n",
       "    <tr>\n",
       "      <th>118</th>\n",
       "      <td>2023년</td>\n",
       "      <td>10월</td>\n",
       "      <td>3302</td>\n",
       "      <td>193</td>\n",
       "    </tr>\n",
       "    <tr>\n",
       "      <th>119</th>\n",
       "      <td>2023년</td>\n",
       "      <td>11월</td>\n",
       "      <td>3002</td>\n",
       "      <td>2127</td>\n",
       "    </tr>\n",
       "    <tr>\n",
       "      <th>120</th>\n",
       "      <td>2023년</td>\n",
       "      <td>12월</td>\n",
       "      <td>2918</td>\n",
       "      <td>10476</td>\n",
       "    </tr>\n",
       "    <tr>\n",
       "      <th>121</th>\n",
       "      <td>2024년</td>\n",
       "      <td>01월</td>\n",
       "      <td>2997</td>\n",
       "      <td>2496</td>\n",
       "    </tr>\n",
       "    <tr>\n",
       "      <th>122</th>\n",
       "      <td>2024년</td>\n",
       "      <td>02월</td>\n",
       "      <td>2959</td>\n",
       "      <td>6121</td>\n",
       "    </tr>\n",
       "  </tbody>\n",
       "</table>\n",
       "<p>123 rows × 4 columns</p>\n",
       "</div>"
      ],
      "text/plain": [
       "        년도    월  고등어(냉동) (원/kg)  수입량(톤)\n",
       "0    2013년  12월            2883    5386\n",
       "1    2014년  01월            2955    3476\n",
       "2    2014년  02월            2974    1101\n",
       "3    2014년  03월            2562    2011\n",
       "4    2014년  04월            2688    2454\n",
       "..     ...  ...             ...     ...\n",
       "118  2023년  10월            3302     193\n",
       "119  2023년  11월            3002    2127\n",
       "120  2023년  12월            2918   10476\n",
       "121  2024년  01월            2997    2496\n",
       "122  2024년  02월            2959    6121\n",
       "\n",
       "[123 rows x 4 columns]"
      ]
     },
     "execution_count": 4,
     "metadata": {},
     "output_type": "execute_result"
    }
   ],
   "source": [
    "mackerel_import_price = pd.read_csv(\"./data/mackerel/고등어 월별 평균수입가격.csv\", encoding='cp949')\n",
    "mackerel_import_price = mackerel_import_price.drop(columns=['고등어(신선,냉장) (원/kg)'])\n",
    "mackerel_import_price"
   ]
  },
  {
   "cell_type": "code",
   "execution_count": 24,
   "metadata": {},
   "outputs": [
    {
     "data": {
      "text/html": [
       "<div>\n",
       "<style scoped>\n",
       "    .dataframe tbody tr th:only-of-type {\n",
       "        vertical-align: middle;\n",
       "    }\n",
       "\n",
       "    .dataframe tbody tr th {\n",
       "        vertical-align: top;\n",
       "    }\n",
       "\n",
       "    .dataframe thead th {\n",
       "        text-align: right;\n",
       "    }\n",
       "</style>\n",
       "<table border=\"1\" class=\"dataframe\">\n",
       "  <thead>\n",
       "    <tr style=\"text-align: right;\">\n",
       "      <th></th>\n",
       "      <th>년도</th>\n",
       "      <th>월</th>\n",
       "      <th>생산량(톤)</th>\n",
       "      <th>재고량(톤)</th>\n",
       "      <th>소비자가격(냉동)(원/kg)</th>\n",
       "      <th>고등어(냉동) (원/kg)</th>\n",
       "      <th>수입량(톤)</th>\n",
       "    </tr>\n",
       "  </thead>\n",
       "  <tbody>\n",
       "    <tr>\n",
       "      <th>0</th>\n",
       "      <td>2013년</td>\n",
       "      <td>12월</td>\n",
       "      <td>22510</td>\n",
       "      <td>74415</td>\n",
       "      <td>6137.0</td>\n",
       "      <td>2883</td>\n",
       "      <td>5386</td>\n",
       "    </tr>\n",
       "    <tr>\n",
       "      <th>1</th>\n",
       "      <td>2014년</td>\n",
       "      <td>01월</td>\n",
       "      <td>6480</td>\n",
       "      <td>76582</td>\n",
       "      <td>6211.0</td>\n",
       "      <td>2955</td>\n",
       "      <td>3476</td>\n",
       "    </tr>\n",
       "    <tr>\n",
       "      <th>2</th>\n",
       "      <td>2014년</td>\n",
       "      <td>02월</td>\n",
       "      <td>3783</td>\n",
       "      <td>71248</td>\n",
       "      <td>6286.0</td>\n",
       "      <td>2974</td>\n",
       "      <td>1101</td>\n",
       "    </tr>\n",
       "    <tr>\n",
       "      <th>3</th>\n",
       "      <td>2014년</td>\n",
       "      <td>03월</td>\n",
       "      <td>3057</td>\n",
       "      <td>63630</td>\n",
       "      <td>6251.0</td>\n",
       "      <td>2562</td>\n",
       "      <td>2011</td>\n",
       "    </tr>\n",
       "    <tr>\n",
       "      <th>4</th>\n",
       "      <td>2014년</td>\n",
       "      <td>04월</td>\n",
       "      <td>1649</td>\n",
       "      <td>56994</td>\n",
       "      <td>6346.0</td>\n",
       "      <td>2688</td>\n",
       "      <td>2454</td>\n",
       "    </tr>\n",
       "    <tr>\n",
       "      <th>...</th>\n",
       "      <td>...</td>\n",
       "      <td>...</td>\n",
       "      <td>...</td>\n",
       "      <td>...</td>\n",
       "      <td>...</td>\n",
       "      <td>...</td>\n",
       "      <td>...</td>\n",
       "    </tr>\n",
       "    <tr>\n",
       "      <th>118</th>\n",
       "      <td>2023년</td>\n",
       "      <td>10월</td>\n",
       "      <td>12589</td>\n",
       "      <td>39553</td>\n",
       "      <td>12157.0</td>\n",
       "      <td>3302</td>\n",
       "      <td>193</td>\n",
       "    </tr>\n",
       "    <tr>\n",
       "      <th>119</th>\n",
       "      <td>2023년</td>\n",
       "      <td>11월</td>\n",
       "      <td>15435</td>\n",
       "      <td>36745</td>\n",
       "      <td>12503.0</td>\n",
       "      <td>3002</td>\n",
       "      <td>2127</td>\n",
       "    </tr>\n",
       "    <tr>\n",
       "      <th>120</th>\n",
       "      <td>2023년</td>\n",
       "      <td>12월</td>\n",
       "      <td>8517</td>\n",
       "      <td>40676</td>\n",
       "      <td>12283.0</td>\n",
       "      <td>2918</td>\n",
       "      <td>10476</td>\n",
       "    </tr>\n",
       "    <tr>\n",
       "      <th>121</th>\n",
       "      <td>2024년</td>\n",
       "      <td>01월</td>\n",
       "      <td>8486</td>\n",
       "      <td>40026</td>\n",
       "      <td>12680.0</td>\n",
       "      <td>2997</td>\n",
       "      <td>2496</td>\n",
       "    </tr>\n",
       "    <tr>\n",
       "      <th>122</th>\n",
       "      <td>2024년</td>\n",
       "      <td>02월</td>\n",
       "      <td>7552</td>\n",
       "      <td>45949</td>\n",
       "      <td>12689.0</td>\n",
       "      <td>2959</td>\n",
       "      <td>6121</td>\n",
       "    </tr>\n",
       "  </tbody>\n",
       "</table>\n",
       "<p>123 rows × 7 columns</p>\n",
       "</div>"
      ],
      "text/plain": [
       "        년도    월  생산량(톤)  재고량(톤)  소비자가격(냉동)(원/kg)  고등어(냉동) (원/kg)  수입량(톤)\n",
       "0    2013년  12월   22510   74415           6137.0            2883    5386\n",
       "1    2014년  01월    6480   76582           6211.0            2955    3476\n",
       "2    2014년  02월    3783   71248           6286.0            2974    1101\n",
       "3    2014년  03월    3057   63630           6251.0            2562    2011\n",
       "4    2014년  04월    1649   56994           6346.0            2688    2454\n",
       "..     ...  ...     ...     ...              ...             ...     ...\n",
       "118  2023년  10월   12589   39553          12157.0            3302     193\n",
       "119  2023년  11월   15435   36745          12503.0            3002    2127\n",
       "120  2023년  12월    8517   40676          12283.0            2918   10476\n",
       "121  2024년  01월    8486   40026          12680.0            2997    2496\n",
       "122  2024년  02월    7552   45949          12689.0            2959    6121\n",
       "\n",
       "[123 rows x 7 columns]"
      ]
     },
     "execution_count": 24,
     "metadata": {},
     "output_type": "execute_result"
    }
   ],
   "source": [
    "merge_price = pd.merge(mackerel_output_and_price, mackerel_import_price, on=['년도', '월'])\n",
    "merge_price"
   ]
  },
  {
   "cell_type": "code",
   "execution_count": 26,
   "metadata": {},
   "outputs": [
    {
     "data": {
      "text/html": [
       "<div>\n",
       "<style scoped>\n",
       "    .dataframe tbody tr th:only-of-type {\n",
       "        vertical-align: middle;\n",
       "    }\n",
       "\n",
       "    .dataframe tbody tr th {\n",
       "        vertical-align: top;\n",
       "    }\n",
       "\n",
       "    .dataframe thead th {\n",
       "        text-align: right;\n",
       "    }\n",
       "</style>\n",
       "<table border=\"1\" class=\"dataframe\">\n",
       "  <thead>\n",
       "    <tr style=\"text-align: right;\">\n",
       "      <th></th>\n",
       "      <th>생산량(톤)</th>\n",
       "      <th>재고량(톤)</th>\n",
       "      <th>소비자가격(냉동)(원/kg)</th>\n",
       "      <th>수입가격(냉동) (원/kg)</th>\n",
       "      <th>수입량(톤)</th>\n",
       "    </tr>\n",
       "  </thead>\n",
       "  <tbody>\n",
       "    <tr>\n",
       "      <th>생산량(톤)</th>\n",
       "      <td>1.000000</td>\n",
       "      <td>0.075190</td>\n",
       "      <td>-0.005653</td>\n",
       "      <td>0.025424</td>\n",
       "      <td>0.083984</td>\n",
       "    </tr>\n",
       "    <tr>\n",
       "      <th>재고량(톤)</th>\n",
       "      <td>0.075190</td>\n",
       "      <td>1.000000</td>\n",
       "      <td>-0.271082</td>\n",
       "      <td>-0.240417</td>\n",
       "      <td>0.402011</td>\n",
       "    </tr>\n",
       "    <tr>\n",
       "      <th>소비자가격(냉동)(원/kg)</th>\n",
       "      <td>-0.005653</td>\n",
       "      <td>-0.271082</td>\n",
       "      <td>1.000000</td>\n",
       "      <td>0.662473</td>\n",
       "      <td>0.083730</td>\n",
       "    </tr>\n",
       "    <tr>\n",
       "      <th>수입가격(냉동) (원/kg)</th>\n",
       "      <td>0.025424</td>\n",
       "      <td>-0.240417</td>\n",
       "      <td>0.662473</td>\n",
       "      <td>1.000000</td>\n",
       "      <td>-0.089832</td>\n",
       "    </tr>\n",
       "    <tr>\n",
       "      <th>수입량(톤)</th>\n",
       "      <td>0.083984</td>\n",
       "      <td>0.402011</td>\n",
       "      <td>0.083730</td>\n",
       "      <td>-0.089832</td>\n",
       "      <td>1.000000</td>\n",
       "    </tr>\n",
       "  </tbody>\n",
       "</table>\n",
       "</div>"
      ],
      "text/plain": [
       "                   생산량(톤)    재고량(톤)  소비자가격(냉동)(원/kg)  수입가격(냉동) (원/kg)  \\\n",
       "생산량(톤)           1.000000  0.075190        -0.005653         0.025424   \n",
       "재고량(톤)           0.075190  1.000000        -0.271082        -0.240417   \n",
       "소비자가격(냉동)(원/kg) -0.005653 -0.271082         1.000000         0.662473   \n",
       "수입가격(냉동) (원/kg)  0.025424 -0.240417         0.662473         1.000000   \n",
       "수입량(톤)           0.083984  0.402011         0.083730        -0.089832   \n",
       "\n",
       "                   수입량(톤)  \n",
       "생산량(톤)           0.083984  \n",
       "재고량(톤)           0.402011  \n",
       "소비자가격(냉동)(원/kg)  0.083730  \n",
       "수입가격(냉동) (원/kg) -0.089832  \n",
       "수입량(톤)           1.000000  "
      ]
     },
     "execution_count": 26,
     "metadata": {},
     "output_type": "execute_result"
    }
   ],
   "source": [
    "merge_price = merge_price.rename(columns={'고등어(냉동) (원/kg)': '수입가격(냉동) (원/kg)'})\n",
    "merge_price.iloc[:,2:].corr()"
   ]
  },
  {
   "cell_type": "markdown",
   "metadata": {},
   "source": [
    "# 수온 상관분석"
   ]
  },
  {
   "cell_type": "code",
   "execution_count": 30,
   "metadata": {},
   "outputs": [
    {
     "data": {
      "text/html": [
       "<div>\n",
       "<style scoped>\n",
       "    .dataframe tbody tr th:only-of-type {\n",
       "        vertical-align: middle;\n",
       "    }\n",
       "\n",
       "    .dataframe tbody tr th {\n",
       "        vertical-align: top;\n",
       "    }\n",
       "\n",
       "    .dataframe thead th {\n",
       "        text-align: right;\n",
       "    }\n",
       "</style>\n",
       "<table border=\"1\" class=\"dataframe\">\n",
       "  <thead>\n",
       "    <tr style=\"text-align: right;\">\n",
       "      <th></th>\n",
       "      <th>평균 풍속(m/s)</th>\n",
       "      <th>평균기압(hPa)</th>\n",
       "      <th>평균 상대습도(%)</th>\n",
       "      <th>평균 기온(°C)</th>\n",
       "      <th>평균 수온(°C)</th>\n",
       "    </tr>\n",
       "  </thead>\n",
       "  <tbody>\n",
       "    <tr>\n",
       "      <th>평균 풍속(m/s)</th>\n",
       "      <td>1.000000</td>\n",
       "      <td>0.711025</td>\n",
       "      <td>-0.558340</td>\n",
       "      <td>-0.606831</td>\n",
       "      <td>-0.422434</td>\n",
       "    </tr>\n",
       "    <tr>\n",
       "      <th>평균기압(hPa)</th>\n",
       "      <td>0.711025</td>\n",
       "      <td>1.000000</td>\n",
       "      <td>-0.695306</td>\n",
       "      <td>-0.783227</td>\n",
       "      <td>-0.613100</td>\n",
       "    </tr>\n",
       "    <tr>\n",
       "      <th>평균 상대습도(%)</th>\n",
       "      <td>-0.558340</td>\n",
       "      <td>-0.695306</td>\n",
       "      <td>1.000000</td>\n",
       "      <td>0.677654</td>\n",
       "      <td>0.466099</td>\n",
       "    </tr>\n",
       "    <tr>\n",
       "      <th>평균 기온(°C)</th>\n",
       "      <td>-0.606831</td>\n",
       "      <td>-0.783227</td>\n",
       "      <td>0.677654</td>\n",
       "      <td>1.000000</td>\n",
       "      <td>0.909417</td>\n",
       "    </tr>\n",
       "    <tr>\n",
       "      <th>평균 수온(°C)</th>\n",
       "      <td>-0.422434</td>\n",
       "      <td>-0.613100</td>\n",
       "      <td>0.466099</td>\n",
       "      <td>0.909417</td>\n",
       "      <td>1.000000</td>\n",
       "    </tr>\n",
       "  </tbody>\n",
       "</table>\n",
       "</div>"
      ],
      "text/plain": [
       "            평균 풍속(m/s)  평균기압(hPa)  평균 상대습도(%)  평균 기온(°C)  평균 수온(°C)\n",
       "평균 풍속(m/s)    1.000000   0.711025   -0.558340  -0.606831  -0.422434\n",
       "평균기압(hPa)     0.711025   1.000000   -0.695306  -0.783227  -0.613100\n",
       "평균 상대습도(%)   -0.558340  -0.695306    1.000000   0.677654   0.466099\n",
       "평균 기온(°C)    -0.606831  -0.783227    0.677654   1.000000   0.909417\n",
       "평균 수온(°C)    -0.422434  -0.613100    0.466099   0.909417   1.000000"
      ]
     },
     "execution_count": 30,
     "metadata": {},
     "output_type": "execute_result"
    }
   ],
   "source": [
    "# 거문도\n",
    "geomun=pd.read_csv('./data/temperature/month/거문도_월별.csv',index_col='일시',encoding='cp949')\n",
    "geomun=geomun.iloc[:,:5]\n",
    "geomun.corr()"
   ]
  },
  {
   "cell_type": "code",
   "execution_count": 31,
   "metadata": {},
   "outputs": [
    {
     "data": {
      "text/html": [
       "<div>\n",
       "<style scoped>\n",
       "    .dataframe tbody tr th:only-of-type {\n",
       "        vertical-align: middle;\n",
       "    }\n",
       "\n",
       "    .dataframe tbody tr th {\n",
       "        vertical-align: top;\n",
       "    }\n",
       "\n",
       "    .dataframe thead th {\n",
       "        text-align: right;\n",
       "    }\n",
       "</style>\n",
       "<table border=\"1\" class=\"dataframe\">\n",
       "  <thead>\n",
       "    <tr style=\"text-align: right;\">\n",
       "      <th></th>\n",
       "      <th>평균 풍속(m/s)</th>\n",
       "      <th>평균기압(hPa)</th>\n",
       "      <th>평균 상대습도(%)</th>\n",
       "      <th>평균 기온(°C)</th>\n",
       "      <th>평균 수온(°C)</th>\n",
       "      <th>평균 최대 파고(m)</th>\n",
       "      <th>평균 유의 파고(m)</th>\n",
       "    </tr>\n",
       "  </thead>\n",
       "  <tbody>\n",
       "    <tr>\n",
       "      <th>평균 풍속(m/s)</th>\n",
       "      <td>1.000000</td>\n",
       "      <td>0.460749</td>\n",
       "      <td>-0.448086</td>\n",
       "      <td>-0.341107</td>\n",
       "      <td>-0.188440</td>\n",
       "      <td>0.730477</td>\n",
       "      <td>0.355379</td>\n",
       "    </tr>\n",
       "    <tr>\n",
       "      <th>평균기압(hPa)</th>\n",
       "      <td>0.460749</td>\n",
       "      <td>1.000000</td>\n",
       "      <td>-0.903674</td>\n",
       "      <td>-0.831105</td>\n",
       "      <td>-0.586339</td>\n",
       "      <td>0.113213</td>\n",
       "      <td>0.104105</td>\n",
       "    </tr>\n",
       "    <tr>\n",
       "      <th>평균 상대습도(%)</th>\n",
       "      <td>-0.448086</td>\n",
       "      <td>-0.903674</td>\n",
       "      <td>1.000000</td>\n",
       "      <td>0.801270</td>\n",
       "      <td>0.536902</td>\n",
       "      <td>-0.092172</td>\n",
       "      <td>-0.107468</td>\n",
       "    </tr>\n",
       "    <tr>\n",
       "      <th>평균 기온(°C)</th>\n",
       "      <td>-0.341107</td>\n",
       "      <td>-0.831105</td>\n",
       "      <td>0.801270</td>\n",
       "      <td>1.000000</td>\n",
       "      <td>0.869319</td>\n",
       "      <td>0.006280</td>\n",
       "      <td>0.031510</td>\n",
       "    </tr>\n",
       "    <tr>\n",
       "      <th>평균 수온(°C)</th>\n",
       "      <td>-0.188440</td>\n",
       "      <td>-0.586339</td>\n",
       "      <td>0.536902</td>\n",
       "      <td>0.869319</td>\n",
       "      <td>1.000000</td>\n",
       "      <td>0.080005</td>\n",
       "      <td>0.117687</td>\n",
       "    </tr>\n",
       "    <tr>\n",
       "      <th>평균 최대 파고(m)</th>\n",
       "      <td>0.730477</td>\n",
       "      <td>0.113213</td>\n",
       "      <td>-0.092172</td>\n",
       "      <td>0.006280</td>\n",
       "      <td>0.080005</td>\n",
       "      <td>1.000000</td>\n",
       "      <td>0.638549</td>\n",
       "    </tr>\n",
       "    <tr>\n",
       "      <th>평균 유의 파고(m)</th>\n",
       "      <td>0.355379</td>\n",
       "      <td>0.104105</td>\n",
       "      <td>-0.107468</td>\n",
       "      <td>0.031510</td>\n",
       "      <td>0.117687</td>\n",
       "      <td>0.638549</td>\n",
       "      <td>1.000000</td>\n",
       "    </tr>\n",
       "  </tbody>\n",
       "</table>\n",
       "</div>"
      ],
      "text/plain": [
       "             평균 풍속(m/s)  평균기압(hPa)  평균 상대습도(%)  평균 기온(°C)  평균 수온(°C)  \\\n",
       "평균 풍속(m/s)     1.000000   0.460749   -0.448086  -0.341107  -0.188440   \n",
       "평균기압(hPa)      0.460749   1.000000   -0.903674  -0.831105  -0.586339   \n",
       "평균 상대습도(%)    -0.448086  -0.903674    1.000000   0.801270   0.536902   \n",
       "평균 기온(°C)     -0.341107  -0.831105    0.801270   1.000000   0.869319   \n",
       "평균 수온(°C)     -0.188440  -0.586339    0.536902   0.869319   1.000000   \n",
       "평균 최대 파고(m)    0.730477   0.113213   -0.092172   0.006280   0.080005   \n",
       "평균 유의 파고(m)    0.355379   0.104105   -0.107468   0.031510   0.117687   \n",
       "\n",
       "             평균 최대 파고(m)  평균 유의 파고(m)  \n",
       "평균 풍속(m/s)      0.730477     0.355379  \n",
       "평균기압(hPa)       0.113213     0.104105  \n",
       "평균 상대습도(%)     -0.092172    -0.107468  \n",
       "평균 기온(°C)       0.006280     0.031510  \n",
       "평균 수온(°C)       0.080005     0.117687  \n",
       "평균 최대 파고(m)     1.000000     0.638549  \n",
       "평균 유의 파고(m)     0.638549     1.000000  "
      ]
     },
     "execution_count": 31,
     "metadata": {},
     "output_type": "execute_result"
    }
   ],
   "source": [
    "# 거제도\n",
    "geoje=pd.read_csv('./data/temperature/month/거제도_월별.csv',index_col='일시',encoding='cp949')\n",
    "geoje=geoje.iloc[:,:5]\n",
    "geoje.corr()"
   ]
  },
  {
   "cell_type": "code",
   "execution_count": 32,
   "metadata": {},
   "outputs": [
    {
     "data": {
      "text/html": [
       "<div>\n",
       "<style scoped>\n",
       "    .dataframe tbody tr th:only-of-type {\n",
       "        vertical-align: middle;\n",
       "    }\n",
       "\n",
       "    .dataframe tbody tr th {\n",
       "        vertical-align: top;\n",
       "    }\n",
       "\n",
       "    .dataframe thead th {\n",
       "        text-align: right;\n",
       "    }\n",
       "</style>\n",
       "<table border=\"1\" class=\"dataframe\">\n",
       "  <thead>\n",
       "    <tr style=\"text-align: right;\">\n",
       "      <th></th>\n",
       "      <th>평균 풍속(m/s)</th>\n",
       "      <th>평균기압(hPa)</th>\n",
       "      <th>평균 상대습도(%)</th>\n",
       "      <th>평균 기온(°C)</th>\n",
       "      <th>평균 수온(°C)</th>\n",
       "      <th>평균 최대 파고(m)</th>\n",
       "      <th>평균 유의 파고(m)</th>\n",
       "    </tr>\n",
       "  </thead>\n",
       "  <tbody>\n",
       "    <tr>\n",
       "      <th>평균 풍속(m/s)</th>\n",
       "      <td>1.000000</td>\n",
       "      <td>0.859587</td>\n",
       "      <td>-0.794749</td>\n",
       "      <td>-0.767319</td>\n",
       "      <td>-0.658459</td>\n",
       "      <td>0.856453</td>\n",
       "      <td>0.860826</td>\n",
       "    </tr>\n",
       "    <tr>\n",
       "      <th>평균기압(hPa)</th>\n",
       "      <td>0.859587</td>\n",
       "      <td>1.000000</td>\n",
       "      <td>-0.888791</td>\n",
       "      <td>-0.892999</td>\n",
       "      <td>-0.792991</td>\n",
       "      <td>0.785051</td>\n",
       "      <td>0.847756</td>\n",
       "    </tr>\n",
       "    <tr>\n",
       "      <th>평균 상대습도(%)</th>\n",
       "      <td>-0.794749</td>\n",
       "      <td>-0.888791</td>\n",
       "      <td>1.000000</td>\n",
       "      <td>0.774605</td>\n",
       "      <td>0.663610</td>\n",
       "      <td>-0.783351</td>\n",
       "      <td>-0.743378</td>\n",
       "    </tr>\n",
       "    <tr>\n",
       "      <th>평균 기온(°C)</th>\n",
       "      <td>-0.767319</td>\n",
       "      <td>-0.892999</td>\n",
       "      <td>0.774605</td>\n",
       "      <td>1.000000</td>\n",
       "      <td>0.972685</td>\n",
       "      <td>-0.716993</td>\n",
       "      <td>-0.749145</td>\n",
       "    </tr>\n",
       "    <tr>\n",
       "      <th>평균 수온(°C)</th>\n",
       "      <td>-0.658459</td>\n",
       "      <td>-0.792991</td>\n",
       "      <td>0.663610</td>\n",
       "      <td>0.972685</td>\n",
       "      <td>1.000000</td>\n",
       "      <td>-0.590045</td>\n",
       "      <td>-0.633237</td>\n",
       "    </tr>\n",
       "    <tr>\n",
       "      <th>평균 최대 파고(m)</th>\n",
       "      <td>0.856453</td>\n",
       "      <td>0.785051</td>\n",
       "      <td>-0.783351</td>\n",
       "      <td>-0.716993</td>\n",
       "      <td>-0.590045</td>\n",
       "      <td>1.000000</td>\n",
       "      <td>0.780304</td>\n",
       "    </tr>\n",
       "    <tr>\n",
       "      <th>평균 유의 파고(m)</th>\n",
       "      <td>0.860826</td>\n",
       "      <td>0.847756</td>\n",
       "      <td>-0.743378</td>\n",
       "      <td>-0.749145</td>\n",
       "      <td>-0.633237</td>\n",
       "      <td>0.780304</td>\n",
       "      <td>1.000000</td>\n",
       "    </tr>\n",
       "  </tbody>\n",
       "</table>\n",
       "</div>"
      ],
      "text/plain": [
       "             평균 풍속(m/s)  평균기압(hPa)  평균 상대습도(%)  평균 기온(°C)  평균 수온(°C)  \\\n",
       "평균 풍속(m/s)     1.000000   0.859587   -0.794749  -0.767319  -0.658459   \n",
       "평균기압(hPa)      0.859587   1.000000   -0.888791  -0.892999  -0.792991   \n",
       "평균 상대습도(%)    -0.794749  -0.888791    1.000000   0.774605   0.663610   \n",
       "평균 기온(°C)     -0.767319  -0.892999    0.774605   1.000000   0.972685   \n",
       "평균 수온(°C)     -0.658459  -0.792991    0.663610   0.972685   1.000000   \n",
       "평균 최대 파고(m)    0.856453   0.785051   -0.783351  -0.716993  -0.590045   \n",
       "평균 유의 파고(m)    0.860826   0.847756   -0.743378  -0.749145  -0.633237   \n",
       "\n",
       "             평균 최대 파고(m)  평균 유의 파고(m)  \n",
       "평균 풍속(m/s)      0.856453     0.860826  \n",
       "평균기압(hPa)       0.785051     0.847756  \n",
       "평균 상대습도(%)     -0.783351    -0.743378  \n",
       "평균 기온(°C)      -0.716993    -0.749145  \n",
       "평균 수온(°C)      -0.590045    -0.633237  \n",
       "평균 최대 파고(m)     1.000000     0.780304  \n",
       "평균 유의 파고(m)     0.780304     1.000000  "
      ]
     },
     "execution_count": 32,
     "metadata": {},
     "output_type": "execute_result"
    }
   ],
   "source": [
    "# 신안\n",
    "shinan=pd.read_csv('./data/temperature/month/신안_월별.csv',index_col='일시',encoding='cp949')\n",
    "shinan=shinan.iloc[:,:5]\n",
    "shinan.corr()"
   ]
  },
  {
   "cell_type": "code",
   "execution_count": 33,
   "metadata": {},
   "outputs": [
    {
     "data": {
      "text/html": [
       "<div>\n",
       "<style scoped>\n",
       "    .dataframe tbody tr th:only-of-type {\n",
       "        vertical-align: middle;\n",
       "    }\n",
       "\n",
       "    .dataframe tbody tr th {\n",
       "        vertical-align: top;\n",
       "    }\n",
       "\n",
       "    .dataframe thead th {\n",
       "        text-align: right;\n",
       "    }\n",
       "</style>\n",
       "<table border=\"1\" class=\"dataframe\">\n",
       "  <thead>\n",
       "    <tr style=\"text-align: right;\">\n",
       "      <th></th>\n",
       "      <th>평균 풍속(m/s)</th>\n",
       "      <th>평균기압(hPa)</th>\n",
       "      <th>평균 상대습도(%)</th>\n",
       "      <th>평균 기온(°C)</th>\n",
       "      <th>평균 수온(°C)</th>\n",
       "    </tr>\n",
       "  </thead>\n",
       "  <tbody>\n",
       "    <tr>\n",
       "      <th>평균 풍속(m/s)</th>\n",
       "      <td>1.000000</td>\n",
       "      <td>0.473623</td>\n",
       "      <td>-0.397007</td>\n",
       "      <td>-0.467204</td>\n",
       "      <td>-0.382213</td>\n",
       "    </tr>\n",
       "    <tr>\n",
       "      <th>평균기압(hPa)</th>\n",
       "      <td>0.473623</td>\n",
       "      <td>1.000000</td>\n",
       "      <td>-0.911193</td>\n",
       "      <td>-0.838055</td>\n",
       "      <td>-0.645527</td>\n",
       "    </tr>\n",
       "    <tr>\n",
       "      <th>평균 상대습도(%)</th>\n",
       "      <td>-0.397007</td>\n",
       "      <td>-0.911193</td>\n",
       "      <td>1.000000</td>\n",
       "      <td>0.813864</td>\n",
       "      <td>0.619075</td>\n",
       "    </tr>\n",
       "    <tr>\n",
       "      <th>평균 기온(°C)</th>\n",
       "      <td>-0.467204</td>\n",
       "      <td>-0.838055</td>\n",
       "      <td>0.813864</td>\n",
       "      <td>1.000000</td>\n",
       "      <td>0.899463</td>\n",
       "    </tr>\n",
       "    <tr>\n",
       "      <th>평균 수온(°C)</th>\n",
       "      <td>-0.382213</td>\n",
       "      <td>-0.645527</td>\n",
       "      <td>0.619075</td>\n",
       "      <td>0.899463</td>\n",
       "      <td>1.000000</td>\n",
       "    </tr>\n",
       "  </tbody>\n",
       "</table>\n",
       "</div>"
      ],
      "text/plain": [
       "            평균 풍속(m/s)  평균기압(hPa)  평균 상대습도(%)  평균 기온(°C)  평균 수온(°C)\n",
       "평균 풍속(m/s)    1.000000   0.473623   -0.397007  -0.467204  -0.382213\n",
       "평균기압(hPa)     0.473623   1.000000   -0.911193  -0.838055  -0.645527\n",
       "평균 상대습도(%)   -0.397007  -0.911193    1.000000   0.813864   0.619075\n",
       "평균 기온(°C)    -0.467204  -0.838055    0.813864   1.000000   0.899463\n",
       "평균 수온(°C)    -0.382213  -0.645527    0.619075   0.899463   1.000000"
      ]
     },
     "execution_count": 33,
     "metadata": {},
     "output_type": "execute_result"
    }
   ],
   "source": [
    "# 울산\n",
    "ulsan=pd.read_csv('./data/temperature/month/울산_월별.csv',index_col='일시',encoding='cp949')\n",
    "ulsan=ulsan.iloc[:,:5]\n",
    "ulsan.corr()"
   ]
  },
  {
   "cell_type": "code",
   "execution_count": 34,
   "metadata": {},
   "outputs": [
    {
     "data": {
      "text/html": [
       "<div>\n",
       "<style scoped>\n",
       "    .dataframe tbody tr th:only-of-type {\n",
       "        vertical-align: middle;\n",
       "    }\n",
       "\n",
       "    .dataframe tbody tr th {\n",
       "        vertical-align: top;\n",
       "    }\n",
       "\n",
       "    .dataframe thead th {\n",
       "        text-align: right;\n",
       "    }\n",
       "</style>\n",
       "<table border=\"1\" class=\"dataframe\">\n",
       "  <thead>\n",
       "    <tr style=\"text-align: right;\">\n",
       "      <th></th>\n",
       "      <th>평균 풍속(m/s)</th>\n",
       "      <th>평균기압(hPa)</th>\n",
       "      <th>평균 상대습도(%)</th>\n",
       "      <th>평균 기온(°C)</th>\n",
       "      <th>평균 수온(°C)</th>\n",
       "    </tr>\n",
       "  </thead>\n",
       "  <tbody>\n",
       "    <tr>\n",
       "      <th>평균 풍속(m/s)</th>\n",
       "      <td>1.000000</td>\n",
       "      <td>0.591550</td>\n",
       "      <td>-0.635019</td>\n",
       "      <td>-0.502691</td>\n",
       "      <td>-0.288344</td>\n",
       "    </tr>\n",
       "    <tr>\n",
       "      <th>평균기압(hPa)</th>\n",
       "      <td>0.591550</td>\n",
       "      <td>1.000000</td>\n",
       "      <td>-0.854888</td>\n",
       "      <td>-0.786660</td>\n",
       "      <td>-0.627412</td>\n",
       "    </tr>\n",
       "    <tr>\n",
       "      <th>평균 상대습도(%)</th>\n",
       "      <td>-0.635019</td>\n",
       "      <td>-0.854888</td>\n",
       "      <td>1.000000</td>\n",
       "      <td>0.700068</td>\n",
       "      <td>0.466352</td>\n",
       "    </tr>\n",
       "    <tr>\n",
       "      <th>평균 기온(°C)</th>\n",
       "      <td>-0.502691</td>\n",
       "      <td>-0.786660</td>\n",
       "      <td>0.700068</td>\n",
       "      <td>1.000000</td>\n",
       "      <td>0.922102</td>\n",
       "    </tr>\n",
       "    <tr>\n",
       "      <th>평균 수온(°C)</th>\n",
       "      <td>-0.288344</td>\n",
       "      <td>-0.627412</td>\n",
       "      <td>0.466352</td>\n",
       "      <td>0.922102</td>\n",
       "      <td>1.000000</td>\n",
       "    </tr>\n",
       "  </tbody>\n",
       "</table>\n",
       "</div>"
      ],
      "text/plain": [
       "            평균 풍속(m/s)  평균기압(hPa)  평균 상대습도(%)  평균 기온(°C)  평균 수온(°C)\n",
       "평균 풍속(m/s)    1.000000   0.591550   -0.635019  -0.502691  -0.288344\n",
       "평균기압(hPa)     0.591550   1.000000   -0.854888  -0.786660  -0.627412\n",
       "평균 상대습도(%)   -0.635019  -0.854888    1.000000   0.700068   0.466352\n",
       "평균 기온(°C)    -0.502691  -0.786660    0.700068   1.000000   0.922102\n",
       "평균 수온(°C)    -0.288344  -0.627412    0.466352   0.922102   1.000000"
      ]
     },
     "execution_count": 34,
     "metadata": {},
     "output_type": "execute_result"
    }
   ],
   "source": [
    "# 추자도\n",
    "chuja=pd.read_csv('./data/temperature/month/추자도_월별.csv',index_col='일시',encoding='utf-8')\n",
    "chuja.corr()"
   ]
  },
  {
   "cell_type": "code",
   "execution_count": 14,
   "metadata": {},
   "outputs": [
    {
     "data": {
      "text/html": [
       "<div>\n",
       "<style scoped>\n",
       "    .dataframe tbody tr th:only-of-type {\n",
       "        vertical-align: middle;\n",
       "    }\n",
       "\n",
       "    .dataframe tbody tr th {\n",
       "        vertical-align: top;\n",
       "    }\n",
       "\n",
       "    .dataframe thead th {\n",
       "        text-align: right;\n",
       "    }\n",
       "</style>\n",
       "<table border=\"1\" class=\"dataframe\">\n",
       "  <thead>\n",
       "    <tr style=\"text-align: right;\">\n",
       "      <th></th>\n",
       "      <th>평균 풍속(m/s)</th>\n",
       "      <th>평균기압(hPa)</th>\n",
       "      <th>평균 상대습도(%)</th>\n",
       "      <th>평균 기온(°C)</th>\n",
       "      <th>평균 수온(°C)</th>\n",
       "    </tr>\n",
       "  </thead>\n",
       "  <tbody>\n",
       "    <tr>\n",
       "      <th>평균 풍속(m/s)</th>\n",
       "      <td>1.000000</td>\n",
       "      <td>0.873253</td>\n",
       "      <td>-0.802051</td>\n",
       "      <td>-0.706943</td>\n",
       "      <td>-0.566188</td>\n",
       "    </tr>\n",
       "    <tr>\n",
       "      <th>평균기압(hPa)</th>\n",
       "      <td>0.873253</td>\n",
       "      <td>1.000000</td>\n",
       "      <td>-0.828288</td>\n",
       "      <td>-0.848397</td>\n",
       "      <td>-0.737006</td>\n",
       "    </tr>\n",
       "    <tr>\n",
       "      <th>평균 상대습도(%)</th>\n",
       "      <td>-0.802051</td>\n",
       "      <td>-0.828288</td>\n",
       "      <td>1.000000</td>\n",
       "      <td>0.620413</td>\n",
       "      <td>0.476227</td>\n",
       "    </tr>\n",
       "    <tr>\n",
       "      <th>평균 기온(°C)</th>\n",
       "      <td>-0.706943</td>\n",
       "      <td>-0.848397</td>\n",
       "      <td>0.620413</td>\n",
       "      <td>1.000000</td>\n",
       "      <td>0.973525</td>\n",
       "    </tr>\n",
       "    <tr>\n",
       "      <th>평균 수온(°C)</th>\n",
       "      <td>-0.566188</td>\n",
       "      <td>-0.737006</td>\n",
