{
 "cells": [
  {
   "cell_type": "code",
   "execution_count": 16,
   "metadata": {},
   "outputs": [],
   "source": [
    "import pandas as pd\n",
    "import numpy as np"
   ]
  },
  {
   "cell_type": "markdown",
   "metadata": {},
   "source": [
    "### 자료출처\n",
    " - 지역별 수온온도 : 기상청(https://data.kma.go.kr/data/sea/selectBuoyRltmList.do?pgmNo=52)"
   ]
  },
  {
   "cell_type": "code",
   "execution_count": 29,
   "metadata": {},
   "outputs": [
    {
     "data": {
      "text/html": [
       "<div>\n",
       "<style scoped>\n",
       "    .dataframe tbody tr th:only-of-type {\n",
       "        vertical-align: middle;\n",
       "    }\n",
       "\n",
       "    .dataframe tbody tr th {\n",
       "        vertical-align: top;\n",
       "    }\n",
       "\n",
       "    .dataframe thead th {\n",
       "        text-align: right;\n",
       "    }\n",
       "</style>\n",
       "<table border=\"1\" class=\"dataframe\">\n",
       "  <thead>\n",
       "    <tr style=\"text-align: right;\">\n",
       "      <th></th>\n",
       "      <th>평균 풍속(m/s)</th>\n",
       "      <th>평균기압(hPa)</th>\n",
       "      <th>평균 상대습도(%)</th>\n",
       "      <th>평균 기온(°C)</th>\n",
       "      <th>평균 수온(°C)</th>\n",
       "      <th>지점</th>\n",
       "    </tr>\n",
       "    <tr>\n",
       "      <th>일시</th>\n",
       "      <th></th>\n",
       "      <th></th>\n",
       "      <th></th>\n",
       "      <th></th>\n",
       "      <th></th>\n",
       "      <th></th>\n",
       "    </tr>\n",
       "  </thead>\n",
       "  <tbody>\n",
       "    <tr>\n",
       "      <th>2013-06</th>\n",
       "      <td>1.788889</td>\n",
       "      <td>1007.111111</td>\n",
       "      <td>89.666667</td>\n",
       "      <td>20.444444</td>\n",
       "      <td>19.233333</td>\n",
       "      <td>22183</td>\n",
       "    </tr>\n",
       "    <tr>\n",
       "      <th>2013-07</th>\n",
       "      <td>3.879310</td>\n",
       "      <td>1007.239286</td>\n",
       "      <td>91.310345</td>\n",
       "      <td>23.758621</td>\n",
       "      <td>21.734483</td>\n",
       "      <td>22183</td>\n",
       "    </tr>\n",
       "    <tr>\n",
       "      <th>2013-08</th>\n",
       "      <td>2.593548</td>\n",
       "      <td>1007.761290</td>\n",
       "      <td>88.258065</td>\n",
       "      <td>25.764516</td>\n",
       "      <td>24.564516</td>\n",
       "      <td>22183</td>\n",
       "    </tr>\n",
       "    <tr>\n",
       "      <th>2013-09</th>\n",
       "      <td>3.583333</td>\n",
       "      <td>1014.803333</td>\n",
       "      <td>78.433333</td>\n",
       "      <td>22.166667</td>\n",
       "      <td>21.816667</td>\n",
       "      <td>22183</td>\n",
       "    </tr>\n",
       "    <tr>\n",
       "      <th>2013-10</th>\n",
       "      <td>4.900000</td>\n",
       "      <td>1019.766667</td>\n",
       "      <td>73.483871</td>\n",
       "      <td>17.641935</td>\n",
       "      <td>19.064516</td>\n",
       "      <td>22183</td>\n",
       "    </tr>\n",
       "    <tr>\n",
       "      <th>...</th>\n",
       "      <td>...</td>\n",
       "      <td>...</td>\n",
       "      <td>...</td>\n",
       "      <td>...</td>\n",
       "      <td>...</td>\n",
       "      <td>...</td>\n",
       "    </tr>\n",
       "    <tr>\n",
       "      <th>2023-10</th>\n",
       "      <td>4.574194</td>\n",
       "      <td>1019.225806</td>\n",
       "      <td>72.903226</td>\n",
       "      <td>19.093548</td>\n",
       "      <td>21.090323</td>\n",
       "      <td>22183</td>\n",
       "    </tr>\n",
       "    <tr>\n",
       "      <th>2023-11</th>\n",
       "      <td>6.166667</td>\n",
       "      <td>1022.193333</td>\n",
       "      <td>73.033333</td>\n",
       "      <td>12.180000</td>\n",
       "      <td>16.143333</td>\n",
       "      <td>22183</td>\n",
       "    </tr>\n",
       "    <tr>\n",
       "      <th>2023-12</th>\n",
       "      <td>5.223077</td>\n",
       "      <td>1024.650000</td>\n",
       "      <td>77.076923</td>\n",
       "      <td>6.823077</td>\n",
       "      <td>11.396154</td>\n",
       "      <td>22183</td>\n",
       "    </tr>\n",
       "    <tr>\n",
       "      <th>2024-01</th>\n",
       "      <td>5.536667</td>\n",
       "      <td>1024.896667</td>\n",
       "      <td>68.600000</td>\n",
       "      <td>4.880000</td>\n",
       "      <td>8.346667</td>\n",
       "      <td>22183</td>\n",
       "    </tr>\n",
       "    <tr>\n",
       "      <th>2024-02</th>\n",
       "      <td>4.882759</td>\n",
       "      <td>1023.362069</td>\n",
       "      <td>73.620690</td>\n",
       "      <td>6.531034</td>\n",
       "      <td>7.986207</td>\n",
       "      <td>22183</td>\n",
       "    </tr>\n",
       "  </tbody>\n",
       "</table>\n",
       "<p>129 rows × 6 columns</p>\n",
       "</div>"
      ],
      "text/plain": [
       "         평균 풍속(m/s)    평균기압(hPa)  평균 상대습도(%)  평균 기온(°C)  평균 수온(°C)     지점\n",
       "일시                                                                       \n",
       "2013-06    1.788889  1007.111111   89.666667  20.444444  19.233333  22183\n",
       "2013-07    3.879310  1007.239286   91.310345  23.758621  21.734483  22183\n",
       "2013-08    2.593548  1007.761290   88.258065  25.764516  24.564516  22183\n",
       "2013-09    3.583333  1014.803333   78.433333  22.166667  21.816667  22183\n",
       "2013-10    4.900000  1019.766667   73.483871  17.641935  19.064516  22183\n",
       "...             ...          ...         ...        ...        ...    ...\n",
       "2023-10    4.574194  1019.225806   72.903226  19.093548  21.090323  22183\n",
       "2023-11    6.166667  1022.193333   73.033333  12.180000  16.143333  22183\n",
       "2023-12    5.223077  1024.650000   77.076923   6.823077  11.396154  22183\n",
       "2024-01    5.536667  1024.896667   68.600000   4.880000   8.346667  22183\n",
       "2024-02    4.882759  1023.362069   73.620690   6.531034   7.986207  22183\n",
       "\n",
       "[129 rows x 6 columns]"
      ]
     },
     "execution_count": 29,
     "metadata": {},
     "output_type": "execute_result"
    }
   ],
   "source": [
    "shinan_df=pd.read_csv('./data/temperature/신안 통합.csv',encoding='cp949',index_col='일시')\n",
    "df1=shinan_df.iloc[:,1:].groupby('일시').mean()\n",
    "df1['지점']=22183\n",
    "df1.to_csv('./data/temperature/month/신안_월별.csv')"
   ]
  },
  {
   "cell_type": "code",
   "execution_count": 18,
   "metadata": {},
   "outputs": [],
   "source": [
    "geoje_df=pd.read_csv('./data/temperature/거문도 통합.csv',encoding='cp949',index_col='일시')\n",
    "df2=geoje_df.iloc[:,1:].groupby('일시').mean()\n",
    "df2['지점']=22103\n",
    "df2.to_csv('./data/temperature/month/거문도_월별.csv')"
   ]
  },
  {
   "cell_type": "code",
   "execution_count": 19,
   "metadata": {},
   "outputs": [],
   "source": [
    "geoje_df=pd.read_csv('./data/temperature/거제도 통합.csv',encoding='cp949',index_col='일시')\n",
    "df3=geoje_df.iloc[:,1:].groupby('일시').mean()\n",
    "df3['지점']=22104\n",
    "df3.to_csv('./data/temperature/month/거제도_월별.csv')"
   ]
  },
  {
   "cell_type": "code",
   "execution_count": 20,
   "metadata": {},
   "outputs": [],
   "source": [
    "ulsan_df=pd.read_csv('./data/temperature/울산 통합.csv',encoding='cp949')\n",
    "df4=ulsan_df.iloc[:,1:].groupby('일시').mean()\n",
    "df4['지점']=22189\n",
    "df4.to_csv('./data/temperature/month/울산_월별.csv')"
   ]
  },
  {
   "cell_type": "code",
   "execution_count": 21,
   "metadata": {},
   "outputs": [
    {
     "data": {
      "text/html": [
       "<div>\n",
       "<style scoped>\n",
       "    .dataframe tbody tr th:only-of-type {\n",
       "        vertical-align: middle;\n",
       "    }\n",
       "\n",
       "    .dataframe tbody tr th {\n",
       "        vertical-align: top;\n",
       "    }\n",
       "\n",
       "    .dataframe thead th {\n",
       "        text-align: right;\n",
       "    }\n",
       "</style>\n",
       "<table border=\"1\" class=\"dataframe\">\n",
       "  <thead>\n",
       "    <tr style=\"text-align: right;\">\n",
       "      <th></th>\n",
       "      <th>평균 풍속(m/s)</th>\n",
       "      <th>평균기압(hPa)</th>\n",
       "      <th>평균 상대습도(%)</th>\n",
       "      <th>평균 기온(°C)</th>\n",
       "      <th>평균 수온(°C)</th>\n",
       "      <th>평균 최대 파고(m)</th>\n",
       "      <th>평균 유의 파고(m)</th>\n",
       "      <th>최고 유의 파고(m)</th>\n",
       "      <th>최고 최대 파고(m)</th>\n",
       "      <th>평균 파주기(sec)</th>\n",
       "      <th>최고 파주기(sec)</th>\n",
       "      <th>지점</th>\n",
       "    </tr>\n",
       "  </thead>\n",
       "  <tbody>\n",
       "    <tr>\n",
       "      <th>평균 풍속(m/s)</th>\n",
       "      <td>1.000000</td>\n",
       "      <td>0.859587</td>\n",
       "      <td>-0.794749</td>\n",
       "      <td>-0.767319</td>\n",
       "      <td>-0.658459</td>\n",
       "      <td>0.856453</td>\n",
       "      <td>0.860826</td>\n",
       "      <td>0.894204</td>\n",
       "      <td>0.790978</td>\n",
       "      <td>-0.052846</td>\n",
       "      <td>-0.012618</td>\n",
       "      <td>NaN</td>\n",
       "    </tr>\n",
       "    <tr>\n",
       "      <th>평균기압(hPa)</th>\n",
       "      <td>0.859587</td>\n",
       "      <td>1.000000</td>\n",
       "      <td>-0.888791</td>\n",
       "      <td>-0.892999</td>\n",
       "      <td>-0.792991</td>\n",
       "      <td>0.785051</td>\n",
       "      <td>0.847756</td>\n",
       "      <td>0.890034</td>\n",
       "      <td>0.747366</td>\n",
       "      <td>-0.052048</td>\n",
       "      <td>-0.027577</td>\n",
       "      <td>NaN</td>\n",
       "    </tr>\n",
       "    <tr>\n",
       "      <th>평균 상대습도(%)</th>\n",
       "      <td>-0.794749</td>\n",
       "      <td>-0.888791</td>\n",
       "      <td>1.000000</td>\n",
       "      <td>0.774605</td>\n",
       "      <td>0.663610</td>\n",
       "      <td>-0.783351</td>\n",
       "      <td>-0.743378</td>\n",
       "      <td>-0.815028</td>\n",
       "      <td>-0.719091</td>\n",
       "      <td>-0.078998</td>\n",
       "      <td>-0.127190</td>\n",
       "      <td>NaN</td>\n",
       "    </tr>\n",
       "    <tr>\n",
       "      <th>평균 기온(°C)</th>\n",
       "      <td>-0.767319</td>\n",
       "      <td>-0.892999</td>\n",
       "      <td>0.774605</td>\n",
       "      <td>1.000000</td>\n",
       "      <td>0.972685</td>\n",
       "      <td>-0.716993</td>\n",
       "      <td>-0.749145</td>\n",
       "      <td>-0.793323</td>\n",
       "      <td>-0.645654</td>\n",
       "      <td>-0.020953</td>\n",
       "      <td>-0.040283</td>\n",
       "      <td>NaN</td>\n",
       "    </tr>\n",
       "    <tr>\n",
       "      <th>평균 수온(°C)</th>\n",
       "      <td>-0.658459</td>\n",
       "      <td>-0.792991</td>\n",
       "      <td>0.663610</td>\n",
       "      <td>0.972685</td>\n",
       "      <td>1.000000</td>\n",
       "      <td>-0.590045</td>\n",
       "      <td>-0.633237</td>\n",
       "      <td>-0.672309</td>\n",
       "      <td>-0.518094</td>\n",
       "      <td>-0.044951</td>\n",
       "      <td>-0.043494</td>\n",
       "      <td>NaN</td>\n",
       "    </tr>\n",
       "    <tr>\n",
       "      <th>평균 최대 파고(m)</th>\n",
       "      <td>0.856453</td>\n",
       "      <td>0.785051</td>\n",
       "      <td>-0.783351</td>\n",
       "      <td>-0.716993</td>\n",
       "      <td>-0.590045</td>\n",
       "      <td>1.000000</td>\n",
       "      <td>0.780304</td>\n",
       "      <td>0.863176</td>\n",
       "      <td>0.875332</td>\n",
       "      <td>0.042204</td>\n",
       "      <td>0.113118</td>\n",
       "      <td>NaN</td>\n",
       "    </tr>\n",
       "    <tr>\n",
       "      <th>평균 유의 파고(m)</th>\n",
       "      <td>0.860826</td>\n",
       "      <td>0.847756</td>\n",
       "      <td>-0.743378</td>\n",
       "      <td>-0.749145</td>\n",
       "      <td>-0.633237</td>\n",
       "      <td>0.780304</td>\n",
       "      <td>1.000000</td>\n",
       "      <td>0.958970</td>\n",
       "      <td>0.760869</td>\n",
       "      <td>-0.288174</td>\n",
       "      <td>-0.270652</td>\n",
       "      <td>NaN</td>\n",
       "    </tr>\n",
       "    <tr>\n",
       "      <th>최고 유의 파고(m)</th>\n",
       "      <td>0.894204</td>\n",
       "      <td>0.890034</td>\n",
       "      <td>-0.815028</td>\n",
       "      <td>-0.793323</td>\n",
       "      <td>-0.672309</td>\n",
       "      <td>0.863176</td>\n",
       "      <td>0.958970</td>\n",
       "      <td>1.000000</td>\n",
       "      <td>0.839988</td>\n",
       "      <td>-0.146393</td>\n",
       "      <td>-0.123406</td>\n",
       "      <td>NaN</td>\n",
       "    </tr>\n",
       "    <tr>\n",
       "      <th>최고 최대 파고(m)</th>\n",
       "      <td>0.790978</td>\n",
       "      <td>0.747366</td>\n",
       "      <td>-0.719091</td>\n",
       "      <td>-0.645654</td>\n",
       "      <td>-0.518094</td>\n",
       "      <td>0.875332</td>\n",
       "      <td>0.760869</td>\n",
       "      <td>0.839988</td>\n",
       "      <td>1.000000</td>\n",
       "      <td>-0.103852</td>\n",
       "      <td>-0.039039</td>\n",
       "      <td>NaN</td>\n",
       "    </tr>\n",
       "    <tr>\n",
       "      <th>평균 파주기(sec)</th>\n",
       "      <td>-0.052846</td>\n",
       "      <td>-0.052048</td>\n",
       "      <td>-0.078998</td>\n",
       "      <td>-0.020953</td>\n",
       "      <td>-0.044951</td>\n",
       "      <td>0.042204</td>\n",
       "      <td>-0.288174</td>\n",
       "      <td>-0.146393</td>\n",
       "      <td>-0.103852</td>\n",
       "      <td>1.000000</td>\n",
       "      <td>0.959722</td>\n",
       "      <td>NaN</td>\n",
       "    </tr>\n",
       "    <tr>\n",
       "      <th>최고 파주기(sec)</th>\n",
       "      <td>-0.012618</td>\n",
       "      <td>-0.027577</td>\n",
       "      <td>-0.127190</td>\n",
       "      <td>-0.040283</td>\n",
       "      <td>-0.043494</td>\n",
       "      <td>0.113118</td>\n",
       "      <td>-0.270652</td>\n",
       "      <td>-0.123406</td>\n",
       "      <td>-0.039039</td>\n",
       "      <td>0.959722</td>\n",
       "      <td>1.000000</td>\n",
       "      <td>NaN</td>\n",
       "    </tr>\n",
       "    <tr>\n",
       "      <th>지점</th>\n",
       "      <td>NaN</td>\n",
       "      <td>NaN</td>\n",
       "      <td>NaN</td>\n",
       "      <td>NaN</td>\n",
       "      <td>NaN</td>\n",
       "      <td>NaN</td>\n",
       "      <td>NaN</td>\n",
       "      <td>NaN</td>\n",
       "      <td>NaN</td>\n",
       "      <td>NaN</td>\n",
       "      <td>NaN</td>\n",
       "      <td>NaN</td>\n",
       "    </tr>\n",
       "  </tbody>\n",
       "</table>\n",
       "</div>"
      ],
      "text/plain": [
       "             평균 풍속(m/s)  평균기압(hPa)  평균 상대습도(%)  평균 기온(°C)  평균 수온(°C)  \\\n",
       "평균 풍속(m/s)     1.000000   0.859587   -0.794749  -0.767319  -0.658459   \n",
       "평균기압(hPa)      0.859587   1.000000   -0.888791  -0.892999  -0.792991   \n",
       "평균 상대습도(%)    -0.794749  -0.888791    1.000000   0.774605   0.663610   \n",
       "평균 기온(°C)     -0.767319  -0.892999    0.774605   1.000000   0.972685   \n",
       "평균 수온(°C)     -0.658459  -0.792991    0.663610   0.972685   1.000000   \n",
       "평균 최대 파고(m)    0.856453   0.785051   -0.783351  -0.716993  -0.590045   \n",
       "평균 유의 파고(m)    0.860826   0.847756   -0.743378  -0.749145  -0.633237   \n",
       "최고 유의 파고(m)    0.894204   0.890034   -0.815028  -0.793323  -0.672309   \n",
       "최고 최대 파고(m)    0.790978   0.747366   -0.719091  -0.645654  -0.518094   \n",
       "평균 파주기(sec)   -0.052846  -0.052048   -0.078998  -0.020953  -0.044951   \n",
       "최고 파주기(sec)   -0.012618  -0.027577   -0.127190  -0.040283  -0.043494   \n",
       "지점                  NaN        NaN         NaN        NaN        NaN   \n",
       "\n",
       "             평균 최대 파고(m)  평균 유의 파고(m)  최고 유의 파고(m)  최고 최대 파고(m)  평균 파주기(sec)  \\\n",
       "평균 풍속(m/s)      0.856453     0.860826     0.894204     0.790978    -0.052846   \n",
       "평균기압(hPa)       0.785051     0.847756     0.890034     0.747366    -0.052048   \n",
       "평균 상대습도(%)     -0.783351    -0.743378    -0.815028    -0.719091    -0.078998   \n",
       "평균 기온(°C)      -0.716993    -0.749145    -0.793323    -0.645654    -0.020953   \n",
       "평균 수온(°C)      -0.590045    -0.633237    -0.672309    -0.518094    -0.044951   \n",
       "평균 최대 파고(m)     1.000000     0.780304     0.863176     0.875332     0.042204   \n",
       "평균 유의 파고(m)     0.780304     1.000000     0.958970     0.760869    -0.288174   \n",
       "최고 유의 파고(m)     0.863176     0.958970     1.000000     0.839988    -0.146393   \n",
       "최고 최대 파고(m)     0.875332     0.760869     0.839988     1.000000    -0.103852   \n",
       "평균 파주기(sec)     0.042204    -0.288174    -0.146393    -0.103852     1.000000   \n",
       "최고 파주기(sec)     0.113118    -0.270652    -0.123406    -0.039039     0.959722   \n",
       "지점                   NaN          NaN          NaN          NaN          NaN   \n",
       "\n",
       "             최고 파주기(sec)  지점  \n",
       "평균 풍속(m/s)     -0.012618 NaN  \n",
       "평균기압(hPa)      -0.027577 NaN  \n",
       "평균 상대습도(%)     -0.127190 NaN  \n",
       "평균 기온(°C)      -0.040283 NaN  \n",
       "평균 수온(°C)      -0.043494 NaN  \n",
       "평균 최대 파고(m)     0.113118 NaN  \n",
       "평균 유의 파고(m)    -0.270652 NaN  \n",
       "최고 유의 파고(m)    -0.123406 NaN  \n",
       "최고 최대 파고(m)    -0.039039 NaN  \n",
       "평균 파주기(sec)     0.959722 NaN  \n",
       "최고 파주기(sec)     1.000000 NaN  \n",
       "지점                   NaN NaN  "
      ]
     },
     "execution_count": 21,
     "metadata": {},
     "output_type": "execute_result"
    }
   ],
   "source": [
    "df1.corr()"
   ]
  },
  {
   "cell_type": "code",
   "execution_count": 22,
   "metadata": {},
   "outputs": [
    {
     "data": {
      "text/html": [
       "<div>\n",
       "<style scoped>\n",
       "    .dataframe tbody tr th:only-of-type {\n",
       "        vertical-align: middle;\n",
       "    }\n",
       "\n",
       "    .dataframe tbody tr th {\n",
       "        vertical-align: top;\n",
       "    }\n",
       "\n",
       "    .dataframe thead th {\n",
       "        text-align: right;\n",
       "    }\n",
       "</style>\n",
       "<table border=\"1\" class=\"dataframe\">\n",
       "  <thead>\n",
       "    <tr style=\"text-align: right;\">\n",
       "      <th></th>\n",
       "      <th>평균 풍속(m/s)</th>\n",
       "      <th>평균기압(hPa)</th>\n",
       "      <th>평균 상대습도(%)</th>\n",
       "      <th>평균 기온(°C)</th>\n",
       "      <th>평균 수온(°C)</th>\n",
       "      <th>평균 최대 파고(m)</th>\n",
       "      <th>평균 유의 파고(m)</th>\n",
       "      <th>최고 유의 파고(m)</th>\n",
       "      <th>최고 최대 파고(m)</th>\n",
       "      <th>평균 파주기(sec)</th>\n",
       "      <th>최고 파주기(sec)</th>\n",
       "      <th>지점</th>\n",
       "    </tr>\n",
       "  </thead>\n",
       "  <tbody>\n",
       "    <tr>\n",
       "      <th>평균 풍속(m/s)</th>\n",
       "      <td>1.000000</td>\n",
       "      <td>0.711025</td>\n",
       "      <td>-0.558340</td>\n",
       "      <td>-0.606831</td>\n",
       "      <td>-0.422434</td>\n",
       "      <td>0.340558</td>\n",
       "      <td>0.189446</td>\n",
       "      <td>0.220389</td>\n",
       "      <td>0.360417</td>\n",
       "      <td>0.080307</td>\n",
       "      <td>0.115870</td>\n",
       "      <td>NaN</td>\n",
       "    </tr>\n",
       "    <tr>\n",
       "      <th>평균기압(hPa)</th>\n",
       "      <td>0.711025</td>\n",
       "      <td>1.000000</td>\n",
       "      <td>-0.695306</td>\n",
       "      <td>-0.783227</td>\n",
       "      <td>-0.613100</td>\n",
       "      <td>-0.064246</td>\n",
       "      <td>-0.063418</td>\n",
       "      <td>-0.043076</td>\n",
       "      <td>-0.019350</td>\n",
       "      <td>0.058186</td>\n",
       "      <td>0.127891</td>\n",
       "      <td>NaN</td>\n",
       "    </tr>\n",
       "    <tr>\n",
       "      <th>평균 상대습도(%)</th>\n",
       "      <td>-0.558340</td>\n",
       "      <td>-0.695306</td>\n",
       "      <td>1.000000</td>\n",
       "      <td>0.677654</td>\n",
       "      <td>0.466099</td>\n",
       "      <td>0.056178</td>\n",
       "      <td>0.066846</td>\n",
       "      <td>0.041422</td>\n",
       "      <td>-0.010745</td>\n",
       "      <td>-0.101273</td>\n",
       "      <td>-0.156205</td>\n",
       "      <td>NaN</td>\n",
       "    </tr>\n",
       "    <tr>\n",
       "      <th>평균 기온(°C)</th>\n",
       "      <td>-0.606831</td>\n",
       "      <td>-0.783227</td>\n",
       "      <td>0.677654</td>\n",
       "      <td>1.000000</td>\n",
       "      <td>0.909417</td>\n",
       "      <td>0.034083</td>\n",
       "      <td>0.008270</td>\n",
       "      <td>-0.020637</td>\n",
       "      <td>-0.029451</td>\n",
       "      <td>0.038929</td>\n",
       "      <td>-0.088121</td>\n",
       "      <td>NaN</td>\n",
       "    </tr>\n",
       "    <tr>\n",
       "      <th>평균 수온(°C)</th>\n",
       "      <td>-0.422434</td>\n",
       "      <td>-0.613100</td>\n",
       "      <td>0.466099</td>\n",
       "      <td>0.909417</td>\n",
       "      <td>1.000000</td>\n",
       "      <td>0.114587</td>\n",
       "      <td>0.032647</td>\n",
       "      <td>-0.000948</td>\n",
       "      <td>0.043160</td>\n",
       "      <td>0.126457</td>\n",
       "      <td>-0.017436</td>\n",
       "      <td>NaN</td>\n",
       "    </tr>\n",
       "    <tr>\n",
       "      <th>평균 최대 파고(m)</th>\n",
       "      <td>0.340558</td>\n",
       "      <td>-0.064246</td>\n",
       "      <td>0.056178</td>\n",
       "      <td>0.034083</td>\n",
       "      <td>0.114587</td>\n",
       "      <td>1.000000</td>\n",
       "      <td>0.700651</td>\n",
       "      <td>0.734133</td>\n",
       "      <td>0.954673</td>\n",
       "      <td>-0.269540</td>\n",
       "      <td>-0.193821</td>\n",
       "      <td>NaN</td>\n",
       "    </tr>\n",
       "    <tr>\n",
       "      <th>평균 유의 파고(m)</th>\n",
       "      <td>0.189446</td>\n",
       "      <td>-0.063418</td>\n",
       "      <td>0.066846</td>\n",
       "      <td>0.008270</td>\n",
       "      <td>0.032647</td>\n",
       "      <td>0.700651</td>\n",
       "      <td>1.000000</td>\n",
       "      <td>0.975709</td>\n",
       "      <td>0.629419</td>\n",
       "      <td>-0.632166</td>\n",
       "      <td>-0.726721</td>\n",
       "      <td>NaN</td>\n",
       "    </tr>\n",
       "    <tr>\n",
       "      <th>최고 유의 파고(m)</th>\n",
       "      <td>0.220389</td>\n",
       "      <td>-0.043076</td>\n",
       "      <td>0.041422</td>\n",
       "      <td>-0.020637</td>\n",
       "      <td>-0.000948</td>\n",
       "      <td>0.734133</td>\n",
       "      <td>0.975709</td>\n",
       "      <td>1.000000</td>\n",
       "      <td>0.714541</td>\n",
       "      <td>-0.586382</td>\n",
       "      <td>-0.669376</td>\n",
       "      <td>NaN</td>\n",
       "    </tr>\n",
       "    <tr>\n",
       "      <th>최고 최대 파고(m)</th>\n",
       "      <td>0.360417</td>\n",
       "      <td>-0.019350</td>\n",
       "      <td>-0.010745</td>\n",
       "      <td>-0.029451</td>\n",
       "      <td>0.043160</td>\n",
       "      <td>0.954673</td>\n",
       "      <td>0.629419</td>\n",
       "      <td>0.714541</td>\n",
       "      <td>1.000000</td>\n",
       "      <td>-0.200744</td>\n",
       "      <td>-0.114099</td>\n",
       "      <td>NaN</td>\n",
       "    </tr>\n",
       "    <tr>\n",
       "      <th>평균 파주기(sec)</th>\n",
       "      <td>0.080307</td>\n",
       "      <td>0.058186</td>\n",
       "      <td>-0.101273</td>\n",
       "      <td>0.038929</td>\n",
       "      <td>0.126457</td>\n",
       "      <td>-0.269540</td>\n",
       "      <td>-0.632166</td>\n",
       "      <td>-0.586382</td>\n",
       "      <td>-0.200744</td>\n",
       "      <td>1.000000</td>\n",
       "      <td>0.853440</td>\n",
       "      <td>NaN</td>\n",
       "    </tr>\n",
       "    <tr>\n",
       "      <th>최고 파주기(sec)</th>\n",
       "      <td>0.115870</td>\n",
       "      <td>0.127891</td>\n",
       "      <td>-0.156205</td>\n",
       "      <td>-0.088121</td>\n",
       "      <td>-0.017436</td>\n",
       "      <td>-0.193821</td>\n",
       "      <td>-0.726721</td>\n",
       "      <td>-0.669376</td>\n",
       "      <td>-0.114099</td>\n",
       "      <td>0.853440</td>\n",
       "      <td>1.000000</td>\n",
       "      <td>NaN</td>\n",
       "    </tr>\n",
       "    <tr>\n",
       "      <th>지점</th>\n",
       "      <td>NaN</td>\n",
       "      <td>NaN</td>\n",
       "      <td>NaN</td>\n",
       "      <td>NaN</td>\n",
       "      <td>NaN</td>\n",
       "      <td>NaN</td>\n",
       "      <td>NaN</td>\n",
       "      <td>NaN</td>\n",
       "      <td>NaN</td>\n",
       "      <td>NaN</td>\n",
       "      <td>NaN</td>\n",
       "      <td>NaN</td>\n",
       "    </tr>\n",
       "  </tbody>\n",
       "</table>\n",
       "</div>"
      ],
      "text/plain": [
       "             평균 풍속(m/s)  평균기압(hPa)  평균 상대습도(%)  평균 기온(°C)  평균 수온(°C)  \\\n",
       "평균 풍속(m/s)     1.000000   0.711025   -0.558340  -0.606831  -0.422434   \n",
       "평균기압(hPa)      0.711025   1.000000   -0.695306  -0.783227  -0.613100   \n",
       "평균 상대습도(%)    -0.558340  -0.695306    1.000000   0.677654   0.466099   \n",
       "평균 기온(°C)     -0.606831  -0.783227    0.677654   1.000000   0.909417   \n",
       "평균 수온(°C)     -0.422434  -0.613100    0.466099   0.909417   1.000000   \n",
       "평균 최대 파고(m)    0.340558  -0.064246    0.056178   0.034083   0.114587   \n",
       "평균 유의 파고(m)    0.189446  -0.063418    0.066846   0.008270   0.032647   \n",
       "최고 유의 파고(m)    0.220389  -0.043076    0.041422  -0.020637  -0.000948   \n",
       "최고 최대 파고(m)    0.360417  -0.019350   -0.010745  -0.029451   0.043160   \n",
       "평균 파주기(sec)    0.080307   0.058186   -0.101273   0.038929   0.126457   \n",
       "최고 파주기(sec)    0.115870   0.127891   -0.156205  -0.088121  -0.017436   \n",
       "지점                  NaN        NaN         NaN        NaN        NaN   \n",
       "\n",
       "             평균 최대 파고(m)  평균 유의 파고(m)  최고 유의 파고(m)  최고 최대 파고(m)  평균 파주기(sec)  \\\n",
       "평균 풍속(m/s)      0.340558     0.189446     0.220389     0.360417     0.080307   \n",
       "평균기압(hPa)      -0.064246    -0.063418    -0.043076    -0.019350     0.058186   \n",
       "평균 상대습도(%)      0.056178     0.066846     0.041422    -0.010745    -0.101273   \n",
       "평균 기온(°C)       0.034083     0.008270    -0.020637    -0.029451     0.038929   \n",
       "평균 수온(°C)       0.114587     0.032647    -0.000948     0.043160     0.126457   \n",
       "평균 최대 파고(m)     1.000000     0.700651     0.734133     0.954673    -0.269540   \n",
       "평균 유의 파고(m)     0.700651     1.000000     0.975709     0.629419    -0.632166   \n",
       "최고 유의 파고(m)     0.734133     0.975709     1.000000     0.714541    -0.586382   \n",
       "최고 최대 파고(m)     0.954673     0.629419     0.714541     1.000000    -0.200744   \n",
       "평균 파주기(sec)    -0.269540    -0.632166    -0.586382    -0.200744     1.000000   \n",
       "최고 파주기(sec)    -0.193821    -0.726721    -0.669376    -0.114099     0.853440   \n",
       "지점                   NaN          NaN          NaN          NaN          NaN   \n",
       "\n",
       "             최고 파주기(sec)  지점  \n",
       "평균 풍속(m/s)      0.115870 NaN  \n",
       "평균기압(hPa)       0.127891 NaN  \n",
       "평균 상대습도(%)     -0.156205 NaN  \n",
       "평균 기온(°C)      -0.088121 NaN  \n",
       "평균 수온(°C)      -0.017436 NaN  \n",
       "평균 최대 파고(m)    -0.193821 NaN  \n",
       "평균 유의 파고(m)    -0.726721 NaN  \n",
       "최고 유의 파고(m)    -0.669376 NaN  \n",
       "최고 최대 파고(m)    -0.114099 NaN  \n",
       "평균 파주기(sec)     0.853440 NaN  \n",
       "최고 파주기(sec)     1.000000 NaN  \n",
       "지점                   NaN NaN  "
      ]
     },
     "execution_count": 22,
     "metadata": {},
     "output_type": "execute_result"
    }
   ],
   "source": [
    "df2.corr()"
   ]
  },
  {
   "cell_type": "code",
   "execution_count": 23,
   "metadata": {},
   "outputs": [
    {
     "data": {
      "text/html": [
       "<div>\n",
       "<style scoped>\n",
       "    .dataframe tbody tr th:only-of-type {\n",
       "        vertical-align: middle;\n",
       "    }\n",
       "\n",
       "    .dataframe tbody tr th {\n",
       "        vertical-align: top;\n",
       "    }\n",
       "\n",
       "    .dataframe thead th {\n",
       "        text-align: right;\n",
       "    }\n",
       "</style>\n",
       "<table border=\"1\" class=\"dataframe\">\n",
       "  <thead>\n",
       "    <tr style=\"text-align: right;\">\n",
       "      <th></th>\n",
       "      <th>평균 풍속(m/s)</th>\n",
       "      <th>평균기압(hPa)</th>\n",
       "      <th>평균 상대습도(%)</th>\n",
       "      <th>평균 기온(°C)</th>\n",
       "      <th>평균 수온(°C)</th>\n",
       "      <th>평균 최대 파고(m)</th>\n",
       "      <th>평균 유의 파고(m)</th>\n",
       "      <th>최고 유의 파고(m)</th>\n",
       "      <th>최고 최대 파고(m)</th>\n",
       "      <th>평균 파주기(sec)</th>\n",
       "      <th>최고 파주기(sec)</th>\n",
       "      <th>지점</th>\n",
       "    </tr>\n",
       "  </thead>\n",
       "  <tbody>\n",
       "    <tr>\n",
       "      <th>평균 풍속(m/s)</th>\n",
       "      <td>1.000000</td>\n",
       "      <td>0.460749</td>\n",
       "      <td>-0.448086</td>\n",
       "      <td>-0.341107</td>\n",
       "      <td>-0.188440</td>\n",
       "      <td>0.730477</td>\n",
       "      <td>0.355379</td>\n",
       "      <td>0.337180</td>\n",
       "      <td>0.680752</td>\n",
       "      <td>0.064631</td>\n",
       "      <td>0.088317</td>\n",
       "      <td>NaN</td>\n",
       "    </tr>\n",
       "    <tr>\n",
       "      <th>평균기압(hPa)</th>\n",
       "      <td>0.460749</td>\n",
       "      <td>1.000000</td>\n",
       "      <td>-0.903674</td>\n",
       "      <td>-0.831105</td>\n",
       "      <td>-0.586339</td>\n",
       "      <td>0.113213</td>\n",
       "      <td>0.104105</td>\n",
       "      <td>0.100084</td>\n",
       "      <td>0.118528</td>\n",
       "      <td>-0.121021</td>\n",
       "      <td>-0.070839</td>\n",
       "      <td>NaN</td>\n",
       "    </tr>\n",
       "    <tr>\n",
       "      <th>평균 상대습도(%)</th>\n",
       "      <td>-0.448086</td>\n",
       "      <td>-0.903674</td>\n",
       "      <td>1.000000</td>\n",
       "      <td>0.801270</td>\n",
       "      <td>0.536902</td>\n",
       "      <td>-0.092172</td>\n",
       "      <td>-0.107468</td>\n",
       "      <td>-0.118241</td>\n",
       "      <td>-0.113294</td>\n",
       "      <td>0.157277</td>\n",
       "      <td>0.125456</td>\n",
       "      <td>NaN</td>\n",
       "    </tr>\n",
       "    <tr>\n",
       "      <th>평균 기온(°C)</th>\n",
       "      <td>-0.341107</td>\n",
       "      <td>-0.831105</td>\n",
       "      <td>0.801270</td>\n",
       "      <td>1.000000</td>\n",
       "      <td>0.869319</td>\n",
       "      <td>0.006280</td>\n",
       "      <td>0.031510</td>\n",
       "      <td>0.027277</td>\n",
       "      <td>-0.013455</td>\n",
       "      <td>0.090510</td>\n",
       "      <td>0.022603</td>\n",
       "      <td>NaN</td>\n",
       "    </tr>\n",
       "    <tr>\n",
       "      <th>평균 수온(°C)</th>\n",
       "      <td>-0.188440</td>\n",
       "      <td>-0.586339</td>\n",
       "      <td>0.536902</td>\n",
       "      <td>0.869319</td>\n",
       "      <td>1.000000</td>\n",
       "      <td>0.080005</td>\n",
       "      <td>0.117687</td>\n",
       "      <td>0.092972</td>\n",
       "      <td>0.034216</td>\n",
       "      <td>0.030186</td>\n",
       "      <td>-0.043179</td>\n",
       "      <td>NaN</td>\n",
       "    </tr>\n",
       "    <tr>\n",
       "      <th>평균 최대 파고(m)</th>\n",
       "      <td>0.730477</td>\n",
       "      <td>0.113213</td>\n",
       "      <td>-0.092172</td>\n",
       "      <td>0.006280</td>\n",
       "      <td>0.080005</td>\n",
       "      <td>1.000000</td>\n",
       "      <td>0.638549</td>\n",
       "      <td>0.636041</td>\n",
       "      <td>0.954293</td>\n",
       "      <td>0.030596</td>\n",
       "      <td>-0.019680</td>\n",
       "      <td>NaN</td>\n",
       "    </tr>\n",
       "    <tr>\n",
       "      <th>평균 유의 파고(m)</th>\n",
       "      <td>0.355379</td>\n",
       "      <td>0.104105</td>\n",
       "      <td>-0.107468</td>\n",
       "      <td>0.031510</td>\n",
       "      <td>0.117687</td>\n",
       "      <td>0.638549</td>\n",
       "      <td>1.000000</td>\n",
       "      <td>0.978956</td>\n",
       "      <td>0.589309</td>\n",
       "      <td>-0.393575</td>\n",
       "      <td>-0.526085</td>\n",
       "      <td>NaN</td>\n",
       "    </tr>\n",
       "    <tr>\n",
       "      <th>최고 유의 파고(m)</th>\n",
       "      <td>0.337180</td>\n",
       "      <td>0.100084</td>\n",
       "      <td>-0.118241</td>\n",
       "      <td>0.027277</td>\n",
       "      <td>0.092972</td>\n",
       "      <td>0.636041</td>\n",
       "      <td>0.978956</td>\n",
       "      <td>1.000000</td>\n",
       "      <td>0.648919</td>\n",
       "      <td>-0.386401</td>\n",
       "      <td>-0.505534</td>\n",
       "      <td>NaN</td>\n",
       "    </tr>\n",
       "    <tr>\n",
       "      <th>최고 최대 파고(m)</th>\n",
       "      <td>0.680752</td>\n",
       "      <td>0.118528</td>\n",
       "      <td>-0.113294</td>\n",
       "      <td>-0.013455</td>\n",
       "      <td>0.034216</td>\n",
       "      <td>0.954293</td>\n",
       "      <td>0.589309</td>\n",
       "      <td>0.648919</td>\n",
       "      <td>1.000000</td>\n",
       "      <td>0.030724</td>\n",
       "      <td>-0.002734</td>\n",
       "      <td>NaN</td>\n",
       "    </tr>\n",
       "    <tr>\n",
       "      <th>평균 파주기(sec)</th>\n",
       "      <td>0.064631</td>\n",
       "      <td>-0.121021</td>\n",
       "      <td>0.157277</td>\n",
       "      <td>0.090510</td>\n",
       "      <td>0.030186</td>\n",
       "      <td>0.030596</td>\n",
       "      <td>-0.393575</td>\n",
       "      <td>-0.386401</td>\n",
       "      <td>0.030724</td>\n",
       "      <td>1.000000</td>\n",
       "      <td>0.949223</td>\n",
       "      <td>NaN</td>\n",
       "    </tr>\n",
       "    <tr>\n",
       "      <th>최고 파주기(sec)</th>\n",
       "      <td>0.088317</td>\n",
       "      <td>-0.070839</td>\n",
       "      <td>0.125456</td>\n",
       "      <td>0.022603</td>\n",
       "      <td>-0.043179</td>\n",
       "      <td>-0.019680</td>\n",
       "      <td>-0.526085</td>\n",
       "      <td>-0.505534</td>\n",
       "      <td>-0.002734</td>\n",
       "      <td>0.949223</td>\n",
       "      <td>1.000000</td>\n",
       "      <td>NaN</td>\n",
       "    </tr>\n",
       "    <tr>\n",
       "      <th>지점</th>\n",
       "      <td>NaN</td>\n",
       "      <td>NaN</td>\n",
       "      <td>NaN</td>\n",
       "      <td>NaN</td>\n",
       "      <td>NaN</td>\n",
       "      <td>NaN</td>\n",
       "      <td>NaN</td>\n",
       "      <td>NaN</td>\n",
       "      <td>NaN</td>\n",
       "      <td>NaN</td>\n",
       "      <td>NaN</td>\n",
       "      <td>NaN</td>\n",
       "    </tr>\n",
       "  </tbody>\n",
       "</table>\n",
       "</div>"
      ],
      "text/plain": [
       "             평균 풍속(m/s)  평균기압(hPa)  평균 상대습도(%)  평균 기온(°C)  평균 수온(°C)  \\\n",
       "평균 풍속(m/s)     1.000000   0.460749   -0.448086  -0.341107  -0.188440   \n",
       "평균기압(hPa)      0.460749   1.000000   -0.903674  -0.831105  -0.586339   \n",
       "평균 상대습도(%)    -0.448086  -0.903674    1.000000   0.801270   0.536902   \n",
       "평균 기온(°C)     -0.341107  -0.831105    0.801270   1.000000   0.869319   \n",
       "평균 수온(°C)     -0.188440  -0.586339    0.536902   0.869319   1.000000   \n",
       "평균 최대 파고(m)    0.730477   0.113213   -0.092172   0.006280   0.080005   \n",
       "평균 유의 파고(m)    0.355379   0.104105   -0.107468   0.031510   0.117687   \n",
       "최고 유의 파고(m)    0.337180   0.100084   -0.118241   0.027277   0.092972   \n",
       "최고 최대 파고(m)    0.680752   0.118528   -0.113294  -0.013455   0.034216   \n",
       "평균 파주기(sec)    0.064631  -0.121021    0.157277   0.090510   0.030186   \n",
       "최고 파주기(sec)    0.088317  -0.070839    0.125456   0.022603  -0.043179   \n",
       "지점                  NaN        NaN         NaN        NaN        NaN   \n",
       "\n",
       "             평균 최대 파고(m)  평균 유의 파고(m)  최고 유의 파고(m)  최고 최대 파고(m)  평균 파주기(sec)  \\\n",
       "평균 풍속(m/s)      0.730477     0.355379     0.337180     0.680752     0.064631   \n",
       "평균기압(hPa)       0.113213     0.104105     0.100084     0.118528    -0.121021   \n",
       "평균 상대습도(%)     -0.092172    -0.107468    -0.118241    -0.113294     0.157277   \n",
       "평균 기온(°C)       0.006280     0.031510     0.027277    -0.013455     0.090510   \n",
       "평균 수온(°C)       0.080005     0.117687     0.092972     0.034216     0.030186   \n",
       "평균 최대 파고(m)     1.000000     0.638549     0.636041     0.954293     0.030596   \n",
       "평균 유의 파고(m)     0.638549     1.000000     0.978956     0.589309    -0.393575   \n",
       "최고 유의 파고(m)     0.636041     0.978956     1.000000     0.648919    -0.386401   \n",
       "최고 최대 파고(m)     0.954293     0.589309     0.648919     1.000000     0.030724   \n",
       "평균 파주기(sec)     0.030596    -0.393575    -0.386401     0.030724     1.000000   \n",
       "최고 파주기(sec)    -0.019680    -0.526085    -0.505534    -0.002734     0.949223   \n",
       "지점                   NaN          NaN          NaN          NaN          NaN   \n",
       "\n",
       "             최고 파주기(sec)  지점  \n",
       "평균 풍속(m/s)      0.088317 NaN  \n",
       "평균기압(hPa)      -0.070839 NaN  \n",
       "평균 상대습도(%)      0.125456 NaN  \n",
       "평균 기온(°C)       0.022603 NaN  \n",
       "평균 수온(°C)      -0.043179 NaN  \n",
       "평균 최대 파고(m)    -0.019680 NaN  \n",
       "평균 유의 파고(m)    -0.526085 NaN  \n",
       "최고 유의 파고(m)    -0.505534 NaN  \n",
       "최고 최대 파고(m)    -0.002734 NaN  \n",
       "평균 파주기(sec)     0.949223 NaN  \n",
       "최고 파주기(sec)     1.000000 NaN  \n",
       "지점                   NaN NaN  "
      ]
     },
     "execution_count": 23,
     "metadata": {},
     "output_type": "execute_result"
    }
   ],
   "source": [
    "df3.corr()"
   ]
  },
  {
   "cell_type": "code",
   "execution_count": 25,
   "metadata": {},
   "outputs": [
    {
     "data": {
      "text/html": [
       "<div>\n",
       "<style scoped>\n",
       "    .dataframe tbody tr th:only-of-type {\n",
       "        vertical-align: middle;\n",
       "    }\n",
       "\n",
       "    .dataframe tbody tr th {\n",
       "        vertical-align: top;\n",
       "    }\n",
       "\n",
       "    .dataframe thead th {\n",
       "        text-align: right;\n",
       "    }\n",
       "</style>\n",
       "<table border=\"1\" class=\"dataframe\">\n",
       "  <thead>\n",
       "    <tr style=\"text-align: right;\">\n",
       "      <th></th>\n",
       "      <th>평균 풍속(m/s)</th>\n",
       "      <th>평균기압(hPa)</th>\n",
       "      <th>평균 상대습도(%)</th>\n",
       "      <th>평균 기온(°C)</th>\n",
       "      <th>평균 수온(°C)</th>\n",
       "      <th>평균 최대 파고(m)</th>\n",
       "      <th>평균 유의 파고(m)</th>\n",
       "      <th>최고 유의 파고(m)</th>\n",
       "      <th>최고 최대 파고(m)</th>\n",
       "      <th>평균 파주기(sec)</th>\n",
       "      <th>최고 파주기(sec)</th>\n",
       "      <th>지점</th>\n",
       "    </tr>\n",
       "  </thead>\n",
       "  <tbody>\n",
       "    <tr>\n",
       "      <th>평균 풍속(m/s)</th>\n",
